QVEPB 5.0

MM
133.471421130343	104.784532826952	3.091689887421
0.999781133919	0.020920904834	0.000000000000
-0.020920904834	0.999781133919	0.000000000000
0.000000000000	0.000000000000	1.000000000000
20
-46.004042	79.799363	0.298300
-46.000705	79.796105	0.298300
-46.061447	79.721565	0.298300
-46.090706	79.721404	0.298300
-46.091623	79.726500	0.298300
-46.131522	79.744021	0.298300
-46.144613	79.761918	0.298300
-46.136509	79.841535	0.298300
-46.130726	79.849827	0.298300
-46.127486	79.850191	0.298300
-46.126355	79.853265	0.298300
-46.123947	79.854522	0.298300
-46.121504	79.856267	0.298300
-46.111822	79.855252	0.298300
-46.110650	79.856340	0.298300
-46.107410	79.856542	0.298300
-46.109315	79.864569	0.298300
-46.106397	79.864038	0.298300
-46.006372	79.826065	0.298300
-46.005869	79.824327	0.298300
0
0
