QVEPB 5.0

MM
133.471421130343	104.784532826952	3.091689887421
0.999781133919	0.020920904834	0.000000000000
-0.020920904834	0.999781133919	0.000000000000
0.000000000000	0.000000000000	1.000000000000
154
0.054775	-79.991293	-0.015800
0.054714	-79.993328	-0.015800
0.055358	-79.995424	-0.015800
0.056280	-79.997602	-0.015800
0.063973	-80.001002	-0.015800
0.057568	-80.002144	-0.015800
0.056958	-80.004389	-0.015800
0.055518	-80.006329	-0.015800
0.054723	-80.007197	-0.015800
0.054086	-80.009284	-0.015800
0.053558	-80.011791	-0.015800
0.058105	-80.018534	-0.015800
0.055420	-80.020362	-0.015800
0.048758	-80.019279	-0.015800
0.048312	-80.022043	-0.015800
0.047876	-80.022651	-0.015800
0.045843	-80.024468	-0.015800
0.044143	-80.025720	-0.015800
0.042873	-80.027911	-0.015800
0.042654	-80.029258	-0.015800
0.042592	-80.032243	-0.015800
0.037310	-80.031289	-0.015800
0.036864	-80.031850	-0.015800
0.033610	-80.035880	-0.015800
0.032702	-80.036546	-0.015800
0.031264	-80.038829	-0.015800
0.029133	-80.039257	-0.015800
0.024375	-80.047825	-0.015800
0.020588	-80.045855	-0.015800
0.018449	-80.046341	-0.015800
0.016447	-80.046654	-0.015800
0.008682	-80.048072	-0.015800
0.006456	-80.048372	-0.015800
0.004706	-80.051117	-0.015800
0.002380	-80.049850	-0.015800
0.000273	-80.049871	-0.015800
-0.001850	-80.048952	-0.015800
-0.003904	-80.047512	-0.015800
-0.005878	-80.046364	-0.015800
-0.007830	-80.045807	-0.015800
-0.009858	-80.046147	-0.015800
-0.014170	-80.060214	-0.015800
-0.014178	-80.047351	-0.015800
-0.016336	-80.046816	-0.015800
-0.019802	-80.047458	-0.015800
-0.021288	-80.045080	-0.015800
-0.026119	-80.045233	-0.015800
-0.028620	-80.045488	-0.015800
-0.030142	-80.042700	-0.015800
-0.032659	-80.040413	-0.015800
-0.034257	-80.039083	-0.015800
-0.036498	-80.037773	-0.015800
-0.040675	-80.035814	-0.015800
-0.041955	-80.035505	-0.015800
-0.044440	-80.034898	-0.015800
-0.046226	-80.032347	-0.015800
-0.046592	-80.031611	-0.015800
-0.048710	-80.029432	-0.015800
-0.051358	-80.028682	-0.015800
-0.057819	-80.028463	-0.015800
-0.059398	-80.026728	-0.015800
-0.055305	-80.017058	-0.015800
-0.055867	-80.015006	-0.015800
-0.068765	-80.017658	-0.015800
-0.059644	-80.011462	-0.015800
-0.060028	-80.009459	-0.015800
-0.060585	-80.004694	-0.015800
-0.060252	-80.003556	-0.015800
-0.060288	-80.001361	-0.015800
-0.065175	-79.999839	-0.015800
-0.063977	-79.997487	-0.015800
-0.063736	-79.995234	-0.015800
-0.064341	-79.993111	-0.015800
-0.062479	-79.988798	-0.015800
-0.062131	-79.986699	-0.015800
-0.061733	-79.984626	-0.015800
-0.062693	-79.982409	-0.015800
-0.061927	-79.980321	-0.015800
-0.060855	-79.978400	-0.015800
-0.060627	-79.976140	-0.015800
-0.061448	-79.973660	-0.015800
-0.061369	-79.972554	-0.015800
-0.060846	-79.970374	-0.015800
-0.060027	-79.967920	-0.015800
-0.059114	-79.966092	-0.015800
-0.059324	-79.963555	-0.015800
-0.054546	-79.960621	-0.015800
-0.053700	-79.959687	-0.015800
-0.053035	-79.957622	-0.015800
-0.050273	-79.953836	-0.015800
-0.046502	-79.949242	-0.015800
-0.045034	-79.946446	-0.015800
-0.043027	-79.947435	-0.015800
-0.040060	-79.946375	-0.015800
-0.041583	-79.941033	-0.015800
-0.039376	-79.941842	-0.015800
-0.036552	-79.941418	-0.015800
-0.034351	-79.941108	-0.015800
-0.031463	-79.940910	-0.015800
-0.029883	-79.939622	-0.015800
-0.028803	-79.939139	-0.015800
-0.027022	-79.938163	-0.015800
-0.025281	-79.935885	-0.015800
-0.023249	-79.935300	-0.015800
-0.021319	-79.934932	-0.015800
-0.018625	-79.935347	-0.015800
-0.016594	-79.934922	-0.015800
-0.015901	-79.933687	-0.015800
-0.014009	-79.932259	-0.015800
-0.011821	-79.931756	-0.015800
-0.009851	-79.930897	-0.015800
-0.007700	-79.930821	-0.015800
-0.005754	-79.927727	-0.015800
-0.003522	-79.930403	-0.015800
-0.001427	-79.931111	-0.015800
0.000704	-79.930363	-0.015800
0.002900	-79.929485	-0.015800
0.004983	-79.930029	-0.015800
0.006728	-79.932947	-0.015800
0.008739	-79.933179	-0.015800
0.011131	-79.932636	-0.015800
0.013955	-79.930460	-0.015800
0.013801	-79.934785	-0.015800
0.015820	-79.935366	-0.015800
0.017806	-79.937008	-0.015800
0.019651	-79.937508	-0.015800
0.021366	-79.938674	-0.015800
0.023477	-79.939957	-0.015800
0.025754	-79.939993	-0.015800
0.028066	-79.941059	-0.015800
0.028662	-79.941414	-0.015800
0.030995	-79.942566	-0.015800
0.033064	-79.943118	-0.015800
0.036111	-79.948448	-0.015800
0.038832	-79.949788	-0.015800
0.039432	-79.950211	-0.015800
0.041233	-79.952503	-0.015800
0.042862	-79.953992	-0.015800
0.044320	-79.954292	-0.015800
0.046804	-79.955617	-0.015800
0.047702	-79.957485	-0.015800
0.048527	-79.960077	-0.015800
0.049154	-79.962117	-0.015800
0.048943	-79.963593	-0.015800
0.049903	-79.965413	-0.015800
0.050997	-79.967682	-0.015800
0.051341	-79.969783	-0.015800
0.051196	-79.971860	-0.015800
0.052450	-79.974004	-0.015800
0.057569	-79.975987	-0.015800
0.057671	-79.978272	-0.015800
0.054896	-79.981041	-0.015800
0.054110	-79.983178	-0.015800
0.055002	-79.989254	-0.015800
0
0
