QVEPB 5.0

MM
133.675454741719	104.128306817474	3.043889887421
0.999936458853	0.011272899243	0.000000000000
-0.011272899243	0.999936458853	0.000000000000
0.000000000000	0.000000000000	1.000000000000
16
0.072724	79.947463	0.285300
0.071537	79.944515	0.285300
-0.022975	79.896012	0.285300
-0.026656	79.896189	0.285300
-0.043498	79.904375	0.285300
-0.046043	79.906637	0.285300
-0.049215	79.906371	0.285300
-0.089852	79.971091	0.285300
-0.045555	80.075332	0.285300
-0.042943	80.076105	0.285300
-0.019803	80.086818	0.285300
-0.002062	80.077955	0.285300
0.001292	80.074841	0.285300
0.004502	80.072755	0.285300
0.010504	80.076783	0.285300
0.081959	80.022606	0.285300
0
0
