QVEPB 5.0

MM
134.457648280069	105.249297795721	3.125028169759
0.999808771851	0.019555554944	0.000000000000
-0.019555554944	0.999808771851	0.000000000000
0.000000000000	0.000000000000	1.000000000000
282
50.550167	79.419175	-0.193528
50.923872	78.793947	-0.193528
51.767508	77.278422	-0.109128
52.104709	76.688357	-0.109128
52.175953	76.562255	-0.109128
52.653432	75.740339	-0.109828
53.099692	74.988438	-0.109828
53.149140	74.904085	-0.109828
53.268245	74.696814	-0.109828
53.318101	74.615086	-0.109828
53.344200	74.573447	-0.109828
53.369454	74.532771	-0.109828
53.395997	74.492842	-0.109828
53.446782	74.410199	-0.109828
53.473518	74.370382	-0.109828
53.526148	74.286409	-0.109828
53.552084	74.244676	-0.109828
53.577181	74.203910	-0.109828
53.879227	73.664554	-0.109828
53.903708	73.621989	-0.109828
53.928356	73.580954	-0.109828
53.979448	73.496077	-0.109828
54.222878	73.078718	-0.109828
54.246354	73.037013	-0.109828
54.295878	72.951241	-0.109828
54.346771	72.868649	-0.109828
54.382590	72.808559	-0.109828
54.430453	72.724205	-0.109828
54.454382	72.681282	-0.109828
54.478523	72.639973	-0.109828
54.501274	72.596351	-0.109828
54.527392	72.554728	-0.109828
54.574020	72.469640	-0.109828
54.597043	72.430065	-0.109828
54.621116	72.387228	-0.109828
54.668710	72.302714	-0.109828
54.739808	72.175025	-0.109828
54.786418	72.089927	-0.109828
54.840585	71.993044	-0.109828
54.863630	71.949662	-0.109828
54.910895	71.866431	-0.109828
55.008409	71.697841	-0.109828
55.079688	71.571780	-0.109828
55.222444	71.317374	-0.109828
55.246335	71.275906	-0.109828
55.269567	71.232631	-0.109828
55.302444	71.174096	-0.109828
55.325402	71.132978	-0.109828
55.492835	70.835404	-0.109828
55.826837	70.247962	-0.109828
55.901001	70.122501	-0.109828
56.025358	69.913011	-0.109828
56.098681	69.787087	-0.109828
56.121948	69.745267	-0.109828
56.146213	69.703995	-0.109828
56.461715	69.156272	-0.109928
56.532248	69.028147	-0.109928
56.916752	68.368869	-0.109828
56.940655	68.325979	-0.109828
56.988194	68.242903	-0.109828
57.011144	68.200899	-0.109828
57.107919	68.031887	-0.109828
57.158778	67.946873	-0.109828
57.181242	67.904593	-0.109828
57.778347	66.873510	-0.109928
58.195513	66.160033	-0.109828
58.219965	66.117407	-0.109828
58.244758	66.076498	-0.109828
58.343684	65.910576	-0.109828
58.541894	65.575667	-0.109828
58.589166	65.491828	-0.109828
58.614279	65.451111	-0.109828
58.639584	65.409000	-0.109828
58.663200	65.365870	-0.109828
58.801437	65.139481	-0.129828
58.851837	65.056642	-0.129828
58.875185	65.013350	-0.129828
58.948770	64.887122	-0.129828
58.998831	64.804079	-0.129828
59.046391	64.721925	-0.129828
59.069969	64.678772	-0.129828
59.095074	64.636540	-0.129828
59.193878	64.469659	-0.129828
59.243617	64.384910	-0.129828
59.265879	64.342475	-0.129828
59.454806	64.019334	-0.129528
59.479190	63.978176	-0.129528
59.528144	63.892961	-0.129528
59.623559	63.724046	-0.129528
59.648428	63.681674	-0.129528
59.670735	63.641665	-0.129528
59.768719	63.472788	-0.129528
59.841315	63.345970	-0.129528
59.979535	63.107742	-0.129428
60.073721	62.939639	-0.129428
60.145112	62.813633	-0.129428
60.170337	62.771489	-0.129428
60.194766	62.727937	-0.129428
60.217810	62.684534	-0.129428
60.265490	62.601545	-0.129428
60.384595	62.391122	-0.129428
60.506913	62.161964	-0.129428
60.528779	62.119347	-0.129428
60.554218	62.076355	-0.129428
60.622126	61.948390	-0.129428
61.232843	60.871804	-0.129428
61.425428	60.534184	-0.129428
61.447561	60.491705	-0.129428
61.629084	60.185872	-0.129428
61.799817	59.891793	-0.129428
61.825504	59.849914	-0.129428
61.872426	59.765001	-0.129428
62.343356	58.968708	-0.129428
62.464405	58.757939	-0.129428
62.488628	58.716670	-0.129428
62.560345	58.590846	-0.129428
62.609818	58.507445	-0.129428
62.634612	58.465047	-0.129428
62.705656	58.338831	-0.129428
62.605939	58.515877	-0.127628
62.630219	58.473161	-0.127628
62.799581	58.178264	-0.127628
62.873622	58.052320	-0.127628
62.897036	58.010579	-0.127628
62.944999	57.924792	-0.127628
63.383650	57.192243	-0.127728
63.481815	57.024016	-0.127728
63.530558	56.941619	-0.127728
63.556543	56.897514	-0.127728
63.580762	56.856230	-0.127728
63.603387	56.814044	-0.127728
63.702955	56.646609	-0.127728
63.751493	56.564097	-0.127728
63.775162	56.522502	-0.127728
63.824467	56.436603	-0.127728
64.446412	55.367275	-0.127828
64.493790	55.284114	-0.127828
64.517546	55.241115	-0.127828
64.542277	55.200140	-0.127828
64.590143	55.114864	-0.127828
64.613869	55.071848	-0.127828
64.636664	55.029748	-0.127828
64.683955	54.945080	-0.127828
64.756851	54.817545	-0.127828
64.781151	54.776319	-0.127828
65.268797	53.921259	-0.127828
65.291582	53.877703	-0.127828
65.314905	53.835910	-0.127828
65.340249	53.795286	-0.127828
65.554745	53.412654	-0.127828
65.577125	53.370317	-0.127828
65.602068	53.328009	-0.127828
65.626699	53.286973	-0.127828
65.792222	52.990431	-0.127828
66.172577	52.318207	-0.127828
66.194525	52.275587	-0.127828
66.433875	51.854685	-0.127828
68.363888	48.569957	-0.127828
68.389815	48.527250	-0.127828
68.412856	48.485298	-0.127828
68.436700	48.442372	-0.127828
68.509522	48.316223	-0.127828
68.533709	48.274924	-0.127828
68.559810	48.233284	-0.127828
68.631876	48.106706	-0.127828
68.729191	47.940400	-0.127828
68.801952	47.814217	-0.127828
68.825939	47.771372	-0.127828
68.849855	47.729918	-0.127828
69.022307	47.421075	-0.127828
69.072055	47.337840	-0.127828
69.146913	47.212381	-0.127828
69.221203	47.088078	-0.127828
69.297130	46.963256	-0.127828
69.321401	46.920533	-0.127828
69.347010	46.880100	-0.127828
69.370989	46.837202	-0.127828
69.953898	45.789733	-0.127728
69.977368	45.748025	-0.127728
70.002521	45.705831	-0.127728
70.100326	45.538359	-0.127728
70.124706	45.495709	-0.127728
70.148347	45.454102	-0.127728
70.173301	45.411791	-0.127728
70.196731	45.367662	-0.127728
70.245365	45.283767	-0.127728
70.318734	45.157432	-0.127728
70.341504	45.115311	-0.127728
70.366700	45.073143	-0.127728
70.390413	45.030099	-0.127728
73.088116	40.361758	-0.127728
73.352022	39.898048	-0.127728
73.696452	39.336936	-0.127828
73.719934	39.295235	-0.127828
73.744170	39.253975	-0.127828
73.768018	39.211023	-0.127828
73.792104	39.167277	-0.127828
73.814775	39.123637	-0.127828
73.885554	38.997264	-0.127828
73.910216	38.956253	-0.127828
73.932739	38.912527	-0.127828
73.957097	38.871338	-0.127828
74.494830	37.945420	-0.127828
74.518075	37.903582	-0.127828
74.541601	37.861907	-0.127828
74.566170	37.819385	-0.127828
74.638830	37.694112	-0.127828
74.661471	37.651926	-0.127828
74.687172	37.609106	-0.127828
74.735174	37.524856	-0.127828
74.758949	37.483324	-0.127828
74.782160	37.441467	-0.127828
74.829797	37.357005	-0.127828
74.852716	37.314980	-0.127828
74.988834	37.073517	-0.127828
75.037492	36.988091	-0.127828
75.084239	36.903028	-0.127828
75.106866	36.861672	-0.127828
75.155343	36.776136	-0.127828
75.177748	36.733778	-0.127828
75.896816	35.477761	-0.127828
79.033771	30.074940	-0.127828
79.083260	29.991549	-0.127828
79.108101	29.949175	-0.127828
79.132241	29.907860	-0.127828
79.156868	29.865361	-0.127828
79.181464	29.824313	-0.127828
79.204659	29.782444	-0.127828
79.229637	29.740150	-0.127828
79.253043	29.698405	-0.127828
79.277848	29.656010	-0.127828
79.302695	29.612712	-0.127828
79.327320	29.570211	-0.127828
79.377191	29.487044	-0.127828
79.425212	29.404262	-0.127828
79.448788	29.361146	-0.127828
80.268629	27.917684	-0.127828
82.454813	24.102327	-0.127828
83.511584	22.300972	-0.127828
83.535614	22.258140	-0.127828
83.558835	22.216289	-0.127828
83.631638	22.091098	-0.127828
83.800289	21.794919	-0.127828
83.822259	21.752346	-0.127828
83.846446	21.711051	-0.127828
83.870667	21.668330	-0.127828
85.018922	19.688639	-0.127828
85.043860	19.647812	-0.127828
85.068251	19.605154	-0.127828
85.089255	19.564366	-0.127828
85.113762	19.521778	-0.127828
85.233882	19.310395	-0.127828
86.191745	17.630269	-0.127828
86.454991	17.164690	-0.127828
86.618879	16.868066	-0.127828
88.899760	12.964787	-0.127828
88.925087	12.922700	-0.127828
88.950244	12.881972	-0.127828
88.973039	12.839873	-0.127828
88.997719	12.797411	-0.127828
89.021962	12.756152	-0.127828
89.046604	12.715124	-0.127828
89.096644	12.629654	-0.127828
89.146011	12.546191	-0.127828
89.169288	12.504371	-0.127828
89.193293	12.462974	-0.127828
89.219078	12.421154	-0.127828
89.266457	12.335595	-0.127828
89.292867	12.294137	-0.127828
89.364305	12.168154	-0.127828
89.388564	12.126904	-0.127828
90.210652	10.691244	-0.127828
90.320999	10.473299	-0.127828
94.354308	3.528139	-0.127828
94.378453	3.486836	-0.127828
94.401950	3.443644	-0.127828
94.473381	3.317633	-0.127828
94.497479	3.274802	-0.127828
94.592606	3.105719	-0.127828
94.664414	2.978434	-0.127828
94.688127	2.936873	-0.127828
94.710874	2.893232	-0.127828
0
0
