QVEPB 5.0

MM
134.457648280069	105.249297795721	3.125028169759
0.999808771851	0.019555554944	0.000000000000
-0.019555554944	0.999808771851	0.000000000000
0.000000000000	0.000000000000	1.000000000000
259
93.699915	-4.517428	-0.003928
92.395431	-6.763027	0.020172
92.162535	-7.217950	0.020172
92.124898	-7.282148	0.020172
89.485308	-11.900146	-0.137528
89.449091	-11.963269	-0.137528
89.318689	-12.183724	-0.137528
89.282571	-12.246904	-0.137528
89.263178	-12.279153	-0.137528
89.189916	-12.404099	-0.137528
89.152590	-12.467607	-0.137528
89.114834	-12.530861	-0.137528
89.059848	-12.624751	-0.137528
85.434294	-18.953249	-0.137428
85.398783	-19.015820	-0.137428
85.343303	-19.112201	-0.137428
85.324327	-19.141909	-0.137428
85.288256	-19.206025	-0.137428
85.251551	-19.269802	-0.137428
85.104256	-19.521904	-0.137428
85.085172	-19.553401	-0.137428
85.066698	-19.585224	-0.137428
85.048243	-19.617057	-0.137428
84.994255	-19.712392	-0.137428
83.783714	-21.815792	-0.137528
83.764677	-21.847290	-0.137528
83.746275	-21.879137	-0.137528
83.727171	-21.911563	-0.137528
83.691901	-21.974249	-0.137528
83.618290	-22.100749	-0.137528
83.599376	-22.132315	-0.137528
83.397579	-22.480318	-0.137528
83.380022	-22.512626	-0.137528
83.343737	-22.575721	-0.137528
81.908983	-24.944527	-0.137528
81.855282	-25.039150	-0.137528
81.837305	-25.071210	-0.137528
81.818353	-25.103719	-0.137528
81.781661	-25.166575	-0.137528
81.763636	-25.196759	-0.137528
81.727459	-25.259908	-0.137528
81.689949	-25.325150	-0.137528
81.616601	-25.450882	-0.137528
81.580622	-25.514144	-0.137528
81.562177	-25.545938	-0.137528
81.544523	-25.577338	-0.137528
81.525650	-25.609891	-0.137528
81.489111	-25.672835	-0.137528
81.239959	-26.225757	-0.137528
81.220677	-26.258075	-0.137528
81.110926	-26.447832	-0.137528
81.092171	-26.478606	-0.137528
81.073216	-26.510093	-0.137528
81.000197	-26.637023	-0.137528
80.982177	-26.667203	-0.137528
80.963881	-26.700091	-0.137528
80.872057	-26.858594	-0.137528
80.853831	-26.889675	-0.137528
80.780811	-27.015584	-0.137528
79.782405	-28.729252	-0.137628
79.764137	-28.762156	-0.137628
79.728293	-28.825496	-0.137628
79.691752	-28.888433	-0.137628
79.655323	-28.951435	-0.137628
79.472745	-29.268233	-0.137628
79.399702	-29.394130	-0.137628
79.308528	-29.554028	-0.137628
78.982495	-30.109932	-0.137628
78.965195	-30.143366	-0.137628
78.892224	-30.268336	-0.137628
78.873513	-30.300980	-0.137628
78.728429	-30.554235	-0.137628
78.655603	-30.682120	-0.137628
78.637595	-30.712324	-0.137628
78.600626	-30.776879	-0.137628
78.582352	-30.806933	-0.137628
78.564145	-30.839859	-0.137628
78.509015	-30.934533	-0.137628
78.491834	-30.965199	-0.137628
78.473959	-30.998311	-0.137628
78.115084	-31.629677	-0.137528
78.097723	-31.661291	-0.137528
78.043033	-31.756416	-0.137528
77.970667	-31.884815	-0.137528
77.897555	-32.009857	-0.137528
77.824933	-32.138103	-0.137528
77.771050	-32.233712	-0.137528
77.717089	-32.328215	-0.137528
77.698902	-32.359333	-0.137528
77.662430	-32.423360	-0.137528
77.608869	-32.519162	-0.137528
77.572154	-32.583043	-0.137528
77.554659	-32.614576	-0.137528
76.650392	-34.183209	-0.137528
76.631311	-34.213793	-0.137528
76.595277	-34.277024	-0.137528
76.576077	-34.309387	-0.137528
76.465274	-34.498531	-0.137528
76.446962	-34.529564	-0.137528
76.428734	-34.561466	-0.137528
76.410050	-34.592282	-0.137528
76.390671	-34.624541	-0.137528
76.372899	-34.655889	-0.137528
76.353998	-34.687398	-0.137528
76.244385	-34.876416	-0.137528
76.224401	-34.907294	-0.137528
76.169268	-35.001098	-0.137528
76.113315	-35.097302	-0.137528
76.077295	-35.160539	-0.137528
76.059121	-35.191653	-0.137528
74.813654	-37.333566	-0.143728
74.777765	-37.396879	-0.143728
74.741724	-37.461953	-0.143728
74.723792	-37.492192	-0.143728
74.704631	-37.524582	-0.143728
74.686875	-37.554920	-0.143728
74.632946	-37.651261	-0.143728
74.578523	-37.747321	-0.143728
74.542255	-37.810418	-0.143728
74.524785	-37.842767	-0.143728
74.505866	-37.873447	-0.143728
74.487251	-37.906148	-0.143728
74.470550	-37.937086	-0.143728
74.397712	-38.064957	-0.143728
74.379373	-38.095967	-0.143728
74.362084	-38.128419	-0.143728
73.260446	-40.006746	-0.143528
73.222242	-40.069738	-0.143528
73.037747	-40.384607	-0.143528
73.000923	-40.447373	-0.143528
72.963531	-40.510841	-0.143528
72.944055	-40.542006	-0.143528
72.245144	-41.936865	-0.143328
72.107678	-42.152266	-0.143328
71.834352	-42.585890	-0.143328
71.659119	-42.864541	-0.143328
71.048169	-43.867260	-0.143328
71.030799	-43.900642	-0.143328
70.958477	-44.027841	-0.143328
70.850826	-44.218661	-0.143328
70.814260	-44.280628	-0.143328
70.597596	-44.663364	-0.143328
68.239538	-48.735587	-0.143328
68.204848	-48.797767	-0.143328
68.186378	-48.830561	-0.143328
68.149999	-48.894635	-0.143328
68.095846	-48.990068	-0.143328
68.079192	-49.022093	-0.143328
67.756113	-49.595536	-0.143328
67.703447	-49.691854	-0.143328
65.871423	-52.839780	-0.143328
65.852260	-52.872172	-0.143328
65.833842	-52.904000	-0.143328
65.798260	-52.966505	-0.143328
65.779885	-52.999335	-0.143328
65.761780	-53.029490	-0.143328
65.742515	-53.060848	-0.143328
65.687916	-53.155826	-0.143328
65.669583	-53.188679	-0.143328
65.650531	-53.220155	-0.143328
65.632654	-53.250436	-0.143328
65.614380	-53.283322	-0.143328
65.559539	-53.378165	-0.143328
65.540173	-53.409468	-0.143328
64.873263	-54.557737	-0.143328
64.855377	-54.589041	-0.143328
64.836444	-54.621560	-0.143328
64.799322	-54.683350	-0.143328
64.780665	-54.716037	-0.143328
64.762184	-54.746981	-0.143328
64.744142	-54.778190	-0.143328
64.688635	-54.872831	-0.143328
64.651575	-54.936508	-0.143328
64.613261	-54.999426	-0.143328
64.596354	-55.031323	-0.143328
64.577092	-55.061794	-0.143328
64.502611	-55.188929	-0.143328
64.484660	-55.220194	-0.143328
60.784258	-61.665500	-0.143328
60.747516	-61.728315	-0.143328
60.728872	-61.761004	-0.143328
60.692755	-61.825220	-0.143328
60.638520	-61.919549	-0.143328
60.457118	-62.236232	-0.143328
60.437647	-62.268435	-0.143328
60.420882	-62.299343	-0.143328
60.401413	-62.331548	-0.143328
60.383537	-62.362839	-0.143328
60.364883	-62.395521	-0.143328
60.328593	-62.458601	-0.143328
59.218137	-64.355869	-0.143228
59.070582	-64.609683	-0.143228
59.052427	-64.640803	-0.143228
59.032878	-64.671950	-0.143228
58.959742	-64.798812	-0.143228
58.066715	-66.348319	-0.143328
58.047636	-66.380755	-0.143328
58.011760	-66.444075	-0.143328
57.941286	-66.571448	-0.143328
57.923197	-66.604450	-0.143328
57.905816	-66.635001	-0.143328
57.886943	-66.667555	-0.143328
57.869804	-66.698244	-0.143328
57.852252	-66.731553	-0.143328
57.833771	-66.764331	-0.143328
57.816759	-66.795093	-0.143328
57.709057	-66.986861	-0.143328
57.672518	-67.050811	-0.143328
56.461818	-69.149439	-0.143328
56.406568	-69.243177	-0.143328
56.387347	-69.275530	-0.143328
56.369292	-69.305690	-0.143328
56.349223	-69.337553	-0.143328
56.237700	-69.526286	-0.143328
56.182497	-69.620051	-0.143328
56.163648	-69.651599	-0.143328
56.145744	-69.682865	-0.143328
56.125536	-69.714648	-0.143328
56.108082	-69.745154	-0.143328
56.089098	-69.777644	-0.143328
56.069765	-69.808085	-0.143328
56.051905	-69.840205	-0.143328
56.033303	-69.871067	-0.143328
56.014210	-69.903495	-0.143328
55.996004	-69.933566	-0.143328
52.488562	-76.010311	-0.164428
52.433318	-76.105092	-0.164428
52.413948	-76.136307	-0.164428
52.396224	-76.167693	-0.164428
52.359240	-76.231406	-0.164428
52.342277	-76.263243	-0.164428
52.304529	-76.326503	-0.164428
52.287002	-76.356961	-0.164428
52.250133	-76.420741	-0.164428
52.213631	-76.484739	-0.164428
52.176594	-76.547374	-0.164428
52.158399	-76.578482	-0.164428
52.121243	-76.642092	-0.164428
52.048736	-76.769337	-0.164428
52.030762	-76.800575	-0.164428
50.796442	-78.892211	-0.084128
50.777856	-78.923951	-0.084128
50.721821	-79.018143	-0.084128
50.685759	-79.081358	-0.084128
50.630569	-79.175045	-0.084128
50.611934	-79.207729	-0.084128
50.593030	-79.239294	-0.084128
50.574662	-79.271154	-0.084128
50.500887	-79.396676	-0.084128
50.372188	-79.617879	-0.084128
50.280011	-79.776119	-0.084128
50.261826	-79.807204	-0.084128
50.243783	-79.839243	-0.084128
50.187704	-79.933411	-0.084128
49.958888	-80.275674	-0.110428
49.921282	-80.339018	-0.110428
49.830540	-80.497353	-0.110428
49.774404	-80.591608	-0.110428
49.626295	-80.845314	-0.110428
0
0
