QVEPB 5.0

MM
134.112910573956	104.334835605645	3.019289887421
0.999741844925	0.022720992632	0.000000000000
-0.022720992632	0.999741844925	0.000000000000
0.000000000000	0.000000000000	1.000000000000
456
49.721907	80.891798	0.074894
49.735456	80.866148	0.074894
49.750450	80.839861	0.074894
49.765708	80.815173	0.074894
49.780197	80.790053	0.074894
49.939447	80.508171	0.074894
49.982503	80.431128	0.074894
50.012092	80.380369	0.074894
50.026293	80.355087	0.074894
50.040304	80.328247	0.074894
50.643467	79.274865	0.075494
50.688004	79.198374	0.075494
50.702092	79.173027	0.075494
50.731808	79.122341	0.075494
51.041024	78.587819	0.075494
51.056294	78.562273	0.075494
51.070676	78.537095	0.075494
51.085089	78.511936	0.075494
51.384642	78.031706	0.075594
51.399269	78.006673	0.075594
51.415122	77.980904	0.075594
51.430424	77.955375	0.075594
51.445205	77.930431	0.075594
51.460233	77.904742	0.075594
51.475338	77.879988	0.075594
51.489981	77.854074	0.075594
51.505547	77.829588	0.075594
51.520423	77.803811	0.075594
51.535453	77.779012	0.075594
51.550036	77.753954	0.075594
51.564850	77.728140	0.075594
51.579916	77.703362	0.075594
51.609613	77.652665	0.075594
51.625069	77.627225	0.075594
51.640226	77.602501	0.075594
51.655334	77.576858	0.075594
51.671341	77.551179	0.075594
51.685877	77.526093	0.075594
51.700859	77.500377	0.075594
51.989179	76.995202	0.075594
52.002672	76.970952	0.075594
52.018547	76.945759	0.075594
52.032509	76.920337	0.075594
52.048000	76.894917	0.075594
52.062546	76.869841	0.075594
52.108144	76.793965	0.075594
52.137940	76.743326	0.075594
52.212569	76.616359	0.075594
52.242014	76.565512	0.075594
52.256542	76.539521	0.075594
52.271609	76.513850	0.075594
52.302288	76.463733	0.075594
52.316986	76.438747	0.075594
52.331538	76.412770	0.075594
52.346290	76.387817	0.075594
52.360989	76.361927	0.075594
53.079617	75.078500	0.075594
53.122754	75.002088	0.075594
53.136123	74.976333	0.075594
53.150401	74.951095	0.075594
53.165081	74.923765	0.075594
53.179165	74.898417	0.075594
53.207597	74.847869	0.075594
53.236274	74.796592	0.075594
53.250414	74.769825	0.075594
53.265392	74.744985	0.075594
53.293381	74.693317	0.075594
53.336494	74.616891	0.075594
53.365098	74.564991	0.075594
53.379089	74.538720	0.075594
53.393523	74.513571	0.075594
53.408021	74.488457	0.075594
53.422006	74.463052	0.075594
53.465144	74.385190	0.075594
53.661898	74.051557	0.075594
53.676258	74.026368	0.075594
53.691077	74.000559	0.075594
53.734352	73.924219	0.075594
53.748262	73.898769	0.075594
53.762767	73.872777	0.075594
53.778004	73.848098	0.075594
53.791665	73.821616	0.075594
53.806126	73.796486	0.075594
53.821293	73.770879	0.075594
53.835851	73.745805	0.075594
54.023239	73.411990	0.075594
54.037681	73.386849	0.075594
54.110863	73.259933	0.075594
54.124484	73.233428	0.075594
54.139802	73.208796	0.075594
54.584542	72.428908	0.075594
54.613947	72.376596	0.075594
54.628301	72.351399	0.075594
54.643821	72.326851	0.075594
54.717744	72.198308	0.075594
54.791239	72.071831	0.075594
54.804587	72.046073	0.075594
54.820137	72.020688	0.075594
54.835189	71.994429	0.075594
54.849389	71.969146	0.075594
54.923007	71.841884	0.075594
54.938097	71.817096	0.075594
54.967178	71.765458	0.075594
54.981834	71.740429	0.075594
54.995899	71.715070	0.075594
55.025994	71.663997	0.075594
55.041496	71.638587	0.075594
56.828552	68.613596	0.075594
56.842498	68.588167	0.075594
56.871807	68.537244	0.075594
56.887142	68.511735	0.075594
56.901713	68.486668	0.075594
56.916300	68.461611	0.075594
56.931800	68.436196	0.075594
56.945880	68.410845	0.075594
56.961525	68.385515	0.075594
56.976411	68.360631	0.075594
56.991474	68.333514	0.075594
57.006273	68.308579	0.075594
57.051010	68.233087	0.075594
57.065856	68.207293	0.075594
57.094528	68.156887	0.075594
57.110402	68.131691	0.075594
57.124323	68.106247	0.075594
57.169178	68.030823	0.075594
57.185072	68.004187	0.075594
57.213807	67.952932	0.075594
57.229207	67.928345	0.075594
57.243238	67.902080	0.075594
57.288286	67.826768	0.075594
57.317237	67.775638	0.075594
57.332532	67.750991	0.075594
59.665022	63.615497	0.075694
59.680615	63.590136	0.075694
59.694904	63.564908	0.075694
59.710051	63.539284	0.075694
59.739270	63.489753	0.075694
59.754336	63.464080	0.075694
59.844516	63.312632	0.075694
59.918839	63.185483	0.075694
59.949112	63.135127	0.075694
59.978850	63.083548	0.075694
60.023040	63.007743	0.075694
60.052910	62.956243	0.075694
62.556184	58.704826	0.075594
62.570790	58.679775	0.075594
62.585252	58.653771	0.075594
62.599080	58.628277	0.075594
62.612675	58.602650	0.075594
62.626622	58.577223	0.075594
62.656680	58.525281	0.075594
62.670883	58.500000	0.075594
62.813116	58.243245	0.075594
62.827202	58.217027	0.075594
62.855738	58.165089	0.075594
62.870114	58.139906	0.075594
62.997523	57.908079	0.075594
63.011704	57.882786	0.075594
63.040447	57.831545	0.075594
63.055209	57.805132	0.075594
63.069994	57.779312	0.075594
63.083345	57.753546	0.075594
63.878658	56.323813	0.075594
63.908646	56.271830	0.075594
63.937245	56.221379	0.075594
63.951614	56.196193	0.075594
63.966526	56.170444	0.075594
63.995294	56.120089	0.075594
64.025583	56.068278	0.075594
64.040173	56.043218	0.075594
64.055665	56.017800	0.075594
64.099380	55.941717	0.075594
64.215968	55.737966	0.075594
64.230705	55.712989	0.075594
64.289953	55.610061	0.075594
64.349103	55.507947	0.075594
66.202937	52.347195	0.075594
66.218107	52.321588	0.075594
66.232992	52.296707	0.075594
66.248448	52.271267	0.075594
66.309505	52.170843	0.075594
66.338386	52.120561	0.075594
66.369001	52.070400	0.075594
66.384293	52.044864	0.075594
66.399776	52.020332	0.075594
66.414429	51.994423	0.075594
66.429258	51.969509	0.075594
66.445224	51.944367	0.075594
66.459565	51.919168	0.075594
66.474930	51.893675	0.075594
66.505927	51.842286	0.075594
66.521069	51.817556	0.075594
66.536727	51.792233	0.075594
66.581397	51.716706	0.075594
66.641923	51.615972	0.075594
66.657268	51.591360	0.075594
66.672330	51.565689	0.075594
66.686935	51.540644	0.075594
66.702647	51.515354	0.075594
66.716733	51.490006	0.075594
66.762329	51.414127	0.075594
68.001885	49.248316	0.075594
68.016418	49.222318	0.075594
68.045274	49.171114	0.075594
68.059271	49.144793	0.075594
68.073386	49.118543	0.075594
68.088424	49.093767	0.075594
68.117279	49.041644	0.075594
68.130291	49.017098	0.075594
68.231328	48.836530	0.075594
68.245838	48.810518	0.075594
68.261275	48.785064	0.075594
68.288678	48.734435	0.075594
68.303628	48.708687	0.075594
68.317405	48.683153	0.075594
68.332982	48.657782	0.075594
68.346605	48.631236	0.075594
68.375211	48.579882	0.075594
68.390684	48.554449	0.075594
68.418229	48.503905	0.075594
68.432581	48.477799	0.075594
68.447120	48.451804	0.075594
68.462169	48.427035	0.075594
68.476710	48.401041	0.075594
68.505326	48.349693	0.075594
68.519575	48.323524	0.075594
68.534102	48.297521	0.075594
69.856924	45.964887	0.075694
69.871009	45.938629	0.075694
69.886049	45.912940	0.075694
70.109475	45.531760	0.075694
70.124069	45.505805	0.075694
70.138204	45.481936	0.075694
70.153123	45.456175	0.075694
70.241696	45.302865	0.075694
70.256202	45.277767	0.075694
70.271018	45.251944	0.075694
70.285904	45.226164	0.075694
70.300825	45.201312	0.075694
70.315625	45.175480	0.075694
70.330710	45.150726	0.075694
70.346106	45.125249	0.075694
70.361065	45.099511	0.075694
70.375825	45.074564	0.075694
70.390707	45.048781	0.075694
70.404899	45.022587	0.075694
72.284633	41.891474	0.075794
72.314053	41.840612	0.075794
72.328465	41.816000	0.075794
72.343598	41.791274	0.075794
72.357946	41.765174	0.075794
72.373481	41.740687	0.075794
72.387731	41.714529	0.075794
72.432583	41.638211	0.075794
72.447048	41.613087	0.075794
72.491353	41.536444	0.075794
72.506597	41.510877	0.075794
72.594717	41.358207	0.075794
72.609478	41.332353	0.075794
72.653758	41.255695	0.075794
72.668314	41.230626	0.075794
72.683042	41.204752	0.075794
72.727624	41.128274	0.075794
72.756396	41.078476	0.075794
72.785397	41.027365	0.075794
74.159961	38.518459	0.075694
74.175627	38.494017	0.075694
74.189964	38.468813	0.075694
74.205295	38.443303	0.075694
74.219053	38.417767	0.075694
74.249042	38.365787	0.075694
74.308396	38.265246	0.075694
74.486026	37.960170	0.075694
74.531009	37.883363	0.075694
74.544822	37.857859	0.075694
74.560759	37.832696	0.075694
74.575147	37.807521	0.075694
76.160463	35.091304	0.075594
76.176215	35.066937	0.075594
76.206181	35.016398	0.075594
76.236811	34.966250	0.075594
76.267657	34.916229	0.075594
76.283025	34.890736	0.075594
76.297422	34.865571	0.075594
76.313130	34.840279	0.075594
76.328628	34.815762	0.075594
76.434831	34.639203	0.075594
76.481291	34.563834	0.075594
76.573254	34.413432	0.075594
76.587809	34.388360	0.075594
76.603943	34.363318	0.075594
76.618793	34.338420	0.075594
76.648589	34.287780	0.075594
76.695464	34.212656	0.075594
76.710590	34.187920	0.075594
77.642975	32.566366	0.075594
77.656925	32.540940	0.075594
77.670824	32.515484	0.075594
77.685960	32.488410	0.075594
77.699878	32.462965	0.075594
77.714984	32.437323	0.075594
77.729404	32.412169	0.075594
77.743670	32.386042	0.075594
77.757079	32.360303	0.075594
77.771608	32.335211	0.075594
77.786172	32.309257	0.075594
77.800027	32.283776	0.075594
77.814268	32.257634	0.075594
77.827916	32.232034	0.075594
77.841916	32.206636	0.075594
77.856944	32.180950	0.075594
77.870540	32.153869	0.075594
77.884923	32.127810	0.075594
77.912877	32.076988	0.075594
77.927921	32.051311	0.075594
77.941966	32.025940	0.075594
77.970020	31.974293	0.075594
77.983988	31.948877	0.075594
77.998438	31.922857	0.075594
78.012800	31.897669	0.075594
78.040362	31.845738	0.075594
78.055907	31.818900	0.075594
78.069989	31.793550	0.075594
78.084142	31.768241	0.075594
78.098124	31.741950	0.075594
78.112119	31.716550	0.075594
78.126767	31.690644	0.075594
78.140373	31.665019	0.075594
81.477356	25.909236	0.075594
81.491862	25.884129	0.075594
81.506995	25.857932	0.075594
81.521469	25.831929	0.075594
81.536679	25.807227	0.075594
81.669490	25.577603	0.075594
81.713332	25.501591	0.075594
81.728352	25.476780	0.075594
81.742600	25.451525	0.075594
81.758033	25.426073	0.075594
81.787567	25.375282	0.075594
81.802828	25.349158	0.075594
81.817698	25.324261	0.075594
81.876572	25.222567	0.075594
81.890767	25.197282	0.075594
81.905452	25.172278	0.075594
81.919892	25.146257	0.075594
81.934462	25.121187	0.075594
83.954493	21.555828	0.075594
83.968691	21.530545	0.075594
83.983377	21.504669	0.075594
83.998610	21.479973	0.075594
84.368462	20.844461	0.075594
84.458091	20.692092	0.075594
84.502482	20.616393	0.075594
86.871211	16.573839	0.075594
86.885694	16.548715	0.075594
86.900051	16.523520	0.075594
86.914923	16.497163	0.075594
86.930374	16.471723	0.075594
86.944854	16.446597	0.075594
86.959119	16.421350	0.075594
86.973452	16.396142	0.075594
86.988844	16.370077	0.075594
87.003527	16.344205	0.075594
87.018144	16.319157	0.075594
87.032938	16.294207	0.075594
87.048140	16.268035	0.075594
87.062449	16.242813	0.075594
87.076797	16.216754	0.075594
87.091854	16.191952	0.075594
87.105580	16.166403	0.075594
87.121068	16.140391	0.075594
87.135973	16.115504	0.075594
87.150563	16.090439	0.075594
87.165175	16.064529	0.075594
87.179622	16.039384	0.075594
87.194563	16.013066	0.075594
87.208463	15.987614	0.075594
87.223599	15.962857	0.075594
87.238024	15.936841	0.075594
87.281962	15.860291	0.075594
87.297072	15.835519	0.075594
87.355728	15.733119	0.075594
87.370054	15.707906	0.075594
87.399826	15.655800	0.075594
89.708047	11.583378	0.075594
89.752152	11.507520	0.075594
89.781585	11.455219	0.075594
89.839901	11.353194	0.075594
89.854621	11.327325	0.075594
89.869091	11.302200	0.075594
89.883985	11.276432	0.075594
89.897959	11.251019	0.075594
89.912480	11.225033	0.075594
89.926893	11.199876	0.075594
89.956727	11.149258	0.075594
89.971434	11.123381	0.075594
89.985848	11.098224	0.075594
89.999935	11.072877	0.075594
90.043739	10.995952	0.075594
90.086661	10.919404	0.075594
90.203014	10.715192	0.075594
90.218693	10.688432	0.075594
90.233719	10.663632	0.075594
90.248264	10.637661	0.075594
90.262279	10.612271	0.075594
91.525144	8.500323	0.075494
91.598867	8.372510	0.075494
91.614053	8.346924	0.075494
91.629098	8.322108	0.075494
91.643754	8.295626	0.075494
91.658466	8.270626	0.075494
91.673554	8.245834	0.075494
91.687930	8.220648	0.075494
91.703701	8.194784	0.075494
91.718256	8.169696	0.075494
91.746947	8.118442	0.075494
91.762970	8.092717	0.075494
91.805593	8.016878	0.075494
91.850078	7.940620	0.075494
91.880653	7.889806	0.075494
91.895267	7.863903	0.075494
92.072488	7.559076	0.075494
92.904585	6.092833	0.075494
92.919237	6.067809	0.075494
92.933538	6.041710	0.075494
92.947569	6.016331	0.075494
92.962672	5.990691	0.075494
92.977778	5.965927	0.075494
93.006899	5.914900	0.075494
93.020688	5.889382	0.075494
93.035404	5.862945	0.075494
93.064726	5.812033	0.075494
93.079118	5.786860	0.075494
93.093944	5.761062	0.075494
93.151638	5.659569	0.075494
93.181732	5.607648	0.075494
93.195078	5.581877	0.075494
93.210921	5.556660	0.075494
93.238995	5.505908	0.075494
93.253738	5.480062	0.075494
93.267646	5.454613	0.075494
93.282427	5.429663	0.075494
94.281382	3.681032	0.075394
94.324346	3.603929	0.075394
94.339228	3.577569	0.075394
94.368507	3.527485	0.075394
94.383321	3.501696	0.075394
94.412109	3.449890	0.075394
94.441986	3.398684	0.075394
94.515000	3.271921	0.075394
94.528669	3.246345	0.075394
94.543660	3.220045	0.075394
94.557725	3.194687	0.075394
94.572649	3.169801	0.075394
94.616257	3.093053	0.075394
94.791557	2.785694	0.075394
0
0
