QVEPB 5.0

MM
134.112910573956	104.334835605645	3.019289887421
0.999741844925	0.022720992632	0.000000000000
-0.022720992632	0.999741844925	0.000000000000
0.000000000000	0.000000000000	1.000000000000
377
94.977157	-2.463476	0.033794
94.961363	-2.489318	0.033794
94.932272	-2.540133	0.033794
94.918287	-2.566203	0.033794
94.903579	-2.591174	0.033794
94.889426	-2.617148	0.033794
94.772920	-2.821815	0.033794
94.729254	-2.898363	0.033794
94.713923	-2.922980	0.033794
94.699512	-2.948807	0.033794
94.655921	-3.026200	0.033794
94.626727	-3.076957	0.033794
94.612685	-3.101504	0.033794
94.510191	-3.281606	0.033794
94.496179	-3.306171	0.033794
94.127248	-3.930551	0.033894
94.082611	-4.007348	0.033894
93.993339	-4.160133	0.033894
93.978679	-4.185135	0.033894
93.950289	-4.236352	0.033894
93.935059	-4.261707	0.033894
93.713971	-4.643787	0.033894
93.698511	-4.668329	0.033894
92.580631	-6.591950	0.033994
92.522820	-6.694609	0.033994
92.509171	-6.719382	0.033994
92.493785	-6.745455	0.033994
92.480104	-6.770210	0.033994
92.465724	-6.796865	0.033994
92.451614	-6.822862	0.033994
92.392789	-6.924935	0.033994
92.364398	-6.976153	0.033994
92.235916	-7.207374	0.033994
92.206344	-7.257911	0.033994
92.177923	-7.309112	0.033994
92.163393	-7.335681	0.033994
92.010861	-7.599870	0.033894
91.996754	-7.625196	0.033894
91.981214	-7.651181	0.033894
91.967088	-7.675677	0.033894
91.951899	-7.701865	0.033894
91.937290	-7.727571	0.033894
91.922970	-7.752774	0.033894
91.894060	-7.803694	0.033894
91.879616	-7.830314	0.033894
91.864985	-7.855336	0.033894
91.849588	-7.880585	0.033894
91.820099	-7.931987	0.033894
91.777646	-8.007742	0.033894
91.762606	-8.034016	0.033894
91.733527	-8.084838	0.033894
91.690153	-8.160877	0.033894
91.673966	-8.186487	0.033894
91.660048	-8.211922	0.033894
91.645018	-8.237385	0.033894
91.616004	-8.288244	0.033894
91.172725	-9.046216	0.033794
91.158400	-9.070598	0.033794
91.113675	-9.147344	0.033794
91.054565	-9.249252	0.033794
91.040289	-9.275153	0.033794
91.026350	-9.300573	0.033794
90.996303	-9.350836	0.033794
90.894375	-9.529776	0.033794
90.878616	-9.555635	0.033794
90.865303	-9.580602	0.033794
90.850260	-9.606874	0.033794
90.835766	-9.631974	0.033794
90.762194	-9.759675	0.033794
90.747408	-9.785281	0.033794
90.010926	-11.054538	0.033894
89.982963	-11.106004	0.033894
89.967148	-11.131831	0.033894
89.909199	-11.233595	0.033894
89.894721	-11.260194	0.033894
89.881277	-11.285084	0.033894
89.823011	-11.388155	0.033894
89.736033	-11.541584	0.033894
89.691559	-11.618475	0.033894
89.677151	-11.642810	0.033894
89.663114	-11.669663	0.033894
89.648899	-11.694109	0.033894
89.633809	-11.720354	0.033894
89.619640	-11.745642	0.033894
89.561720	-11.848912	0.033894
89.532120	-11.899433	0.033894
89.503428	-11.950478	0.033894
89.343086	-12.230304	0.033894
89.328241	-12.255893	0.033894
89.298551	-12.306372	0.033894
89.284061	-12.332160	0.033894
89.269144	-12.357709	0.033894
89.254630	-12.382783	0.033894
89.240109	-12.408554	0.033894
89.211033	-12.459377	0.033894
89.195969	-12.484843	0.033894
89.151465	-12.560929	0.033894
89.107017	-12.637835	0.033894
89.063206	-12.714308	0.033894
89.033373	-12.763917	0.033894
88.960424	-12.891179	0.033894
88.930618	-12.943082	0.033894
88.915877	-12.967240	0.033894
88.900789	-12.993483	0.033894
88.885880	-13.019036	0.033894
88.871427	-13.044145	0.033894
88.798124	-13.171908	0.033894
88.031894	-14.495773	0.033994
88.016222	-14.521679	0.033994
88.002470	-14.546393	0.033994
87.986468	-14.572107	0.033994
87.971760	-14.597087	0.033994
87.957040	-14.623549	0.033994
87.942700	-14.647920	0.033994
87.823030	-14.850898	0.033994
87.808561	-14.876682	0.033994
87.778686	-14.927864	0.033994
87.748418	-14.977992	0.033994
87.733976	-15.003127	0.033994
87.717987	-15.028848	0.033994
87.704273	-15.053584	0.033994
87.688909	-15.079671	0.033994
87.674177	-15.104636	0.033994
87.658466	-15.129697	0.033994
87.628812	-15.181007	0.033994
87.614395	-15.205332	0.033994
86.616230	-16.922621	0.033994
86.601446	-16.947554	0.033994
86.586562	-16.973102	0.033994
86.572609	-17.000005	0.033994
86.557973	-17.024207	0.033994
86.543530	-17.050827	0.033994
86.514389	-17.101613	0.033994
86.484951	-17.152227	0.033994
86.470728	-17.177485	0.033994
86.456100	-17.203998	0.033994
86.441809	-17.228399	0.033994
86.426999	-17.254807	0.033994
86.397259	-17.305246	0.033994
86.368249	-17.356107	0.033994
86.353297	-17.382432	0.033994
86.339503	-17.407121	0.033994
86.324742	-17.433558	0.033994
86.295543	-17.484310	0.033994
86.280667	-17.510679	0.033994
86.266614	-17.535218	0.033994
86.251735	-17.561586	0.033994
86.223359	-17.612815	0.033994
86.208594	-17.637759	0.033994
86.194257	-17.663623	0.033994
86.164649	-17.714955	0.033994
86.150998	-17.739727	0.033994
86.136140	-17.766107	0.033994
86.120813	-17.791398	0.033994
86.107064	-17.816930	0.033994
85.136445	-19.511336	0.033894
85.106754	-19.561808	0.033894
85.091053	-19.587703	0.033894
84.795253	-20.096038	0.033894
84.765734	-20.146608	0.033894
84.736157	-20.197146	0.033894
84.721605	-20.223696	0.033894
84.707555	-20.248239	0.033894
84.692391	-20.274441	0.033894
84.662803	-20.324972	0.033894
84.647743	-20.350428	0.033894
84.617803	-20.400758	0.033894
83.243628	-22.777501	0.033894
83.155815	-22.929638	0.033894
83.141246	-22.956178	0.033894
83.096571	-23.032152	0.033894
83.052984	-23.108058	0.033894
83.037660	-23.133366	0.033894
83.023003	-23.159856	0.033894
83.009127	-23.184498	0.033894
82.993242	-23.210288	0.033894
82.964730	-23.261432	0.033894
82.919723	-23.338020	0.033894
82.906533	-23.363054	0.033894
82.846999	-23.465402	0.033894
81.500175	-25.765504	0.033794
81.486378	-25.791681	0.033794
81.471980	-25.816839	0.033794
81.413793	-25.918466	0.033794
81.398823	-25.944781	0.033794
81.354737	-26.021897	0.033794
81.339973	-26.046023	0.033794
81.325016	-26.072346	0.033794
81.266671	-26.174700	0.033794
81.107662	-26.455911	0.033794
81.093451	-26.481177	0.033794
81.077420	-26.506877	0.033794
81.063663	-26.531587	0.033794
81.048694	-26.557903	0.033794
81.005461	-26.635514	0.033794
80.947182	-26.737088	0.033794
80.932680	-26.762185	0.033794
80.918495	-26.788137	0.033794
79.758937	-28.820373	0.033794
79.684945	-28.948654	0.033794
79.596313	-29.099639	0.033794
79.581247	-29.125900	0.033794
79.551959	-29.176599	0.033794
79.331297	-29.558404	0.033794
77.618421	-32.511326	0.033794
77.604933	-32.537029	0.033794
77.559945	-32.613616	0.033794
77.517058	-32.689952	0.033794
77.501320	-32.715818	0.033794
77.442180	-32.817715	0.033794
77.384339	-32.918889	0.033794
77.266601	-33.123005	0.033794
77.222494	-33.200111	0.033794
77.208403	-33.225458	0.033794
77.193511	-33.250990	0.033794
77.178705	-33.275915	0.033794
77.164254	-33.301050	0.033794
77.120277	-33.378233	0.033794
73.934425	-38.904283	0.033994
73.904817	-38.954807	0.033994
73.889730	-38.978767	0.033994
73.875350	-39.004615	0.033994
73.860468	-39.030975	0.033994
73.830624	-39.081364	0.033994
73.815136	-39.106589	0.033994
73.801472	-39.131350	0.033994
73.696623	-39.309330	0.033994
73.681230	-39.335401	0.033994
73.666604	-39.359621	0.033994
73.607029	-39.461955	0.033994
73.592767	-39.487869	0.033994
73.577562	-39.511763	0.033994
73.562615	-39.538086	0.033994
71.708337	-42.766670	0.033994
71.679454	-42.816978	0.033994
71.663849	-42.842917	0.033994
71.649708	-42.867396	0.033994
71.561039	-43.020076	0.033994
71.531358	-43.071391	0.033994
71.516941	-43.096559	0.033994
71.502415	-43.121662	0.033994
71.473422	-43.173394	0.033994
71.444048	-43.224894	0.033994
71.429047	-43.249709	0.033994
71.414705	-43.274923	0.033994
71.399402	-43.301046	0.033994
71.385423	-43.326479	0.033994
71.296735	-43.479148	0.033994
71.282451	-43.504398	0.033994
71.267011	-43.530437	0.033994
71.252849	-43.555760	0.033994
71.238349	-43.580879	0.033994
71.208595	-43.632149	0.033994
71.179922	-43.683218	0.033994
71.149845	-43.732802	0.033994
70.118618	-45.437670	0.033894
68.599425	-48.140324	0.033794
68.570598	-48.190514	0.033794
68.555956	-48.216228	0.033794
68.466589	-48.368248	0.033794
68.436401	-48.419183	0.033794
68.421926	-48.444989	0.033794
68.407450	-48.470794	0.033794
68.391979	-48.495336	0.033794
68.377568	-48.521176	0.033794
68.363315	-48.547103	0.033794
68.348429	-48.572684	0.033794
68.333319	-48.596655	0.033794
68.318091	-48.622817	0.033794
68.303756	-48.648700	0.033794
68.288744	-48.674212	0.033794
68.274656	-48.698741	0.033794
68.259203	-48.724012	0.033794
68.229534	-48.775999	0.033794
68.200514	-48.826084	0.033794
67.534582	-49.962404	0.033894
67.504490	-50.014139	0.033894
67.490513	-50.038724	0.033894
67.446004	-50.115595	0.033894
67.430362	-50.140723	0.033894
67.415411	-50.165556	0.033894
67.400502	-50.191101	0.033894
67.326667	-50.318653	0.033894
67.297340	-50.369333	0.033894
67.282838	-50.395109	0.033894
67.253312	-50.445676	0.033894
67.119688	-50.673143	0.033894
67.104142	-50.699127	0.033894
67.075292	-50.750078	0.033894
67.059585	-50.775169	0.033894
67.045356	-50.800413	0.033894
67.030043	-50.825728	0.033894
67.014830	-50.851901	0.033894
66.985355	-50.902497	0.033894
66.970309	-50.927964	0.033894
65.442261	-53.613235	0.034094
65.427816	-53.639047	0.034094
65.412595	-53.665215	0.034094
65.397829	-53.689356	0.034094
65.383034	-53.714970	0.034094
65.308473	-53.841321	0.034094
65.249697	-53.944104	0.034094
65.219990	-53.994572	0.034094
65.205503	-54.020359	0.034094
65.190042	-54.044903	0.034094
65.175561	-54.070694	0.034094
65.160019	-54.096681	0.034094
65.146191	-54.121351	0.034094
65.130537	-54.147276	0.034094
65.115174	-54.172570	0.034094
65.101447	-54.197296	0.034094
65.041581	-54.299466	0.034094
65.027164	-54.323803	0.034094
65.012110	-54.350066	0.034094
64.997686	-54.375889	0.034094
64.111245	-55.888855	0.033894
64.097168	-55.914211	0.033894
64.081638	-55.939366	0.033894
64.067415	-55.964636	0.033894
64.038502	-56.016389	0.033894
64.023037	-56.040926	0.033894
64.009291	-56.067133	0.033894
63.891513	-56.270570	0.033894
63.862245	-56.321281	0.033894
63.847245	-56.347582	0.033894
63.818370	-56.399358	0.033894
63.745299	-56.526699	0.033894
63.731168	-56.551189	0.033894
60.009753	-63.009596	0.033694
59.994749	-63.035887	0.033694
59.980689	-63.060426	0.033694
59.833852	-63.316697	0.033694
59.703839	-63.545421	0.033694
59.659624	-63.622458	0.033694
59.630804	-63.673425	0.033694
59.615775	-63.698907	0.033694
59.600825	-63.725228	0.033694
59.586525	-63.749632	0.033694
59.572028	-63.775414	0.033694
59.556244	-63.801265	0.033694
59.498120	-63.902927	0.033694
55.780276	-70.318314	0.033994
55.630844	-70.570837	0.033994
54.915579	-71.820877	0.033994
54.886553	-71.872555	0.033994
54.872776	-71.897255	0.033994
54.843770	-71.948944	0.033994
54.715041	-72.180867	0.033994
54.700834	-72.206140	0.033994
54.686362	-72.231923	0.033994
54.672237	-72.257244	0.033994
54.657594	-72.282262	0.033994
54.628795	-72.333247	0.033994
54.613733	-72.359510	0.033994
54.599765	-72.384098	0.033994
54.441308	-72.667289	0.033994
54.413169	-72.718661	0.033994
53.352606	-74.534767	0.033994
53.338095	-74.560527	0.033994
53.294634	-74.636520	0.033994
53.279639	-74.662822	0.033994
53.264305	-74.687437	0.033994
53.235198	-74.738242	0.033994
53.220300	-74.764601	0.033994
53.072766	-75.019110	0.033994
52.998875	-75.145135	0.033994
52.984395	-75.171738	0.033994
52.924911	-75.273432	0.033994
52.910964	-75.298856	0.033994
52.895930	-75.324311	0.033994
52.881734	-75.349590	0.033994
52.836822	-75.426225	0.033994
52.807132	-75.476690	0.033994
52.777710	-75.528136	0.033994
49.660654	-80.943868	0.171594
49.652634	-80.972036	0.171594
49.591917	-81.143037	0.171594
0
0
