QVEPB 5.0

MM
134.112910573956	104.334835605645	3.019289887421
0.999741844925	0.022720992632	0.000000000000
-0.022720992632	0.999741844925	0.000000000000
0.000000000000	0.000000000000	1.000000000000
368
-49.594715	-81.073455	0.086594
-49.609881	-81.048738	0.086594
-49.715467	-80.872705	0.086594
-49.730869	-80.847234	0.086594
-49.776765	-80.772422	0.086594
-49.988944	-80.418601	0.086594
-50.004116	-80.393888	0.086594
-50.019299	-80.368288	0.086594
-50.049831	-80.318079	0.086594
-50.064126	-80.292853	0.086594
-50.080154	-80.267747	0.086594
-50.110169	-80.217235	0.086594
-50.125006	-80.192326	0.086594
-50.140257	-80.166766	0.086594
-50.305277	-79.884231	0.086494
-50.320180	-79.859873	0.086494
-50.335451	-79.834305	0.086494
-50.349603	-79.809463	0.086494
-50.365362	-79.783227	0.086494
-50.409007	-79.706570	0.086494
-50.424436	-79.681569	0.086494
-50.454079	-79.631301	0.086494
-50.469479	-79.605816	0.086494
-50.499039	-79.554510	0.086494
-50.513276	-79.529722	0.086494
-50.543847	-79.479070	0.086494
-50.557959	-79.452754	0.086494
-50.572866	-79.426951	0.086494
-50.587436	-79.402378	0.086494
-50.617892	-79.351651	0.086494
-50.632785	-79.325839	0.086494
-52.178333	-76.678111	0.086694
-52.192546	-76.653368	0.086694
-52.207732	-76.627762	0.086694
-52.223051	-76.602237	0.086694
-52.296670	-76.474655	0.086694
-52.445915	-76.221232	0.086694
-52.564226	-76.017762	0.086694
-52.578794	-75.992704	0.086694
-52.593479	-75.966796	0.086694
-52.608862	-75.941309	0.086694
-52.637874	-75.891647	0.086694
-52.652294	-75.865580	0.086694
-52.667591	-75.840041	0.086694
-52.712148	-75.763541	0.086694
-52.726393	-75.738288	0.086694
-53.368959	-74.625214	0.086594
-53.413430	-74.548680	0.086594
-53.487690	-74.422391	0.086594
-53.502204	-74.397292	0.086594
-53.516981	-74.371457	0.086594
-53.531959	-74.346628	0.086594
-53.575865	-74.269765	0.086594
-53.590953	-74.245000	0.086594
-53.620477	-74.192752	0.086594
-53.635390	-74.167885	0.086594
-53.650212	-74.142077	0.086594
-53.663980	-74.116543	0.086594
-53.679601	-74.091200	0.086594
-53.709292	-74.040499	0.086594
-53.722981	-74.014920	0.086594
-53.738139	-73.990195	0.086594
-53.753011	-73.964416	0.086594
-53.767301	-73.939187	0.086594
-53.781905	-73.913252	0.086594
-53.796637	-73.888279	0.086594
-53.811738	-73.862633	0.086594
-53.826420	-73.837631	0.086594
-53.841219	-73.811810	0.086594
-53.856359	-73.785625	0.086594
-53.871098	-73.760656	0.086594
-53.900478	-73.709774	0.086594
-53.916065	-73.684411	0.086594
-53.930187	-73.659084	0.086594
-53.944895	-73.633209	0.086594
-53.959697	-73.608277	0.086594
-53.974595	-73.582513	0.086594
-53.989122	-73.557422	0.086594
-54.018455	-73.506512	0.086594
-54.032931	-73.481391	0.086594
-54.048230	-73.455860	0.086594
-54.062710	-73.430742	0.086594
-55.288840	-71.304941	0.086494
-55.332003	-71.229073	0.086494
-55.451074	-71.025546	0.086494
-55.509916	-70.923823	0.086494
-55.568549	-70.821977	0.086494
-55.642176	-70.694416	0.086494
-55.716114	-70.567039	0.086494
-55.761098	-70.490800	0.086494
-55.804996	-70.414822	0.086494
-55.834772	-70.364171	0.086494
-57.302991	-67.842403	0.086394
-57.463366	-67.561160	0.086394
-57.477453	-67.534939	0.086394
-57.871194	-66.845431	0.086394
-57.885892	-66.820434	0.086394
-58.986633	-64.900553	0.086494
-59.001713	-64.874889	0.086494
-59.016732	-64.850092	0.086494
-59.031113	-64.824016	0.086494
-59.046341	-64.799342	0.086494
-59.075816	-64.748513	0.086494
-59.091183	-64.723020	0.086494
-59.120930	-64.672352	0.086494
-59.149853	-64.621197	0.086494
-59.164466	-64.596160	0.086494
-59.194179	-64.545471	0.086494
-59.209670	-64.520051	0.086494
-59.253549	-64.444062	0.086494
-59.313821	-64.343185	0.086494
-59.328941	-64.317545	0.086494
-59.343955	-64.291296	0.086494
-59.373243	-64.240356	0.086494
-59.389013	-64.215100	0.086494
-59.418352	-64.164191	0.086494
-59.432671	-64.138981	0.086494
-59.462524	-64.088375	0.086494
-59.477499	-64.062650	0.086494
-59.493251	-64.038286	0.086494
-59.507703	-64.012252	0.086494
-59.521969	-63.987010	0.086494
-59.537626	-63.961688	0.086494
-59.552157	-63.936602	0.086494
-59.567679	-63.911200	0.086494
-59.582357	-63.886202	0.086494
-59.596377	-63.859913	0.086494
-59.612052	-63.835503	0.086494
-59.627328	-63.809955	0.086494
-59.656657	-63.759041	0.086494
-59.686645	-63.708514	0.086494
-61.434080	-60.424772	0.086694
-62.860740	-58.214492	0.086494
-62.874107	-58.188720	0.086494
-62.888994	-58.162945	0.086494
-62.918640	-58.112217	0.086494
-62.947037	-58.060755	0.086494
-62.961922	-58.034978	0.086494
-63.034386	-57.906739	0.086494
-63.048320	-57.881301	0.086494
-63.063559	-57.855733	0.086494
-63.092196	-57.804411	0.086494
-63.149817	-57.701973	0.086494
-63.165230	-57.676507	0.086494
-63.179800	-57.651444	0.086494
-63.280588	-57.471699	0.086494
-63.295158	-57.445737	0.086494
-63.310377	-57.421055	0.086494
-63.324385	-57.394763	0.086494
-63.367604	-57.318385	0.086494
-64.439424	-55.454813	0.086594
-64.526756	-55.302006	0.086594
-65.366304	-53.863411	0.086594
-65.381103	-53.837613	0.086594
-65.410960	-53.786399	0.086594
-65.454602	-53.711122	0.086594
-65.484688	-53.660035	0.086594
-65.499076	-53.634855	0.086594
-65.515456	-53.609324	0.086594
-65.618546	-53.432078	0.086594
-65.633511	-53.405766	0.086594
-65.677851	-53.329424	0.086594
-65.722510	-53.254709	0.086594
-65.752985	-53.202991	0.086594
-65.781637	-53.152563	0.086594
-65.797428	-53.126706	0.086594
-65.812076	-53.101670	0.086594
-65.826614	-53.076573	0.086594
-65.916238	-52.924411	0.086594
-66.496020	-51.677864	0.086494
-66.840090	-51.329446	0.086494
-68.656503	-48.164324	0.086494
-68.670358	-48.138842	0.086494
-68.685527	-48.113235	0.086494
-68.701151	-48.087331	0.086494
-68.729941	-48.036106	0.086494
-68.745342	-48.010635	0.086494
-68.759376	-47.985256	0.086494
-68.950324	-47.654956	0.086494
-69.039428	-47.502309	0.086494
-69.097775	-47.400305	0.086494
-69.113332	-47.374924	0.086494
-69.127518	-47.349634	0.086494
-69.157337	-47.299008	0.086494
-69.171969	-47.273977	0.086494
-69.201441	-47.223149	0.086494
-69.215515	-47.196906	0.086494
-69.245814	-47.145108	0.086494
-69.260862	-47.120319	0.086494
-69.274980	-47.094102	0.086494
-70.307656	-45.289478	0.086594
-70.337060	-45.238613	0.086594
-70.367618	-45.186957	0.086594
-70.382411	-45.162014	0.086594
-70.456951	-45.035878	0.086594
-70.487171	-44.984029	0.086594
-70.516727	-44.933251	0.086594
-70.576731	-44.833079	0.086594
-70.622124	-44.756504	0.086594
-70.636790	-44.731488	0.086594
-70.695801	-44.629874	0.086594
-70.710511	-44.604884	0.086594
-70.726190	-44.579573	0.086594
-72.120540	-42.001982	0.086494
-75.156837	-36.911868	0.086494
-75.171553	-36.885989	0.086494
-75.185003	-36.860264	0.086494
-75.214329	-36.808441	0.086494
-75.228927	-36.783396	0.086494
-75.243562	-36.757468	0.086494
-75.257068	-36.731776	0.086494
-75.271946	-36.705992	0.086494
-75.286498	-36.680015	0.086494
-75.300548	-36.654646	0.086494
-75.315793	-36.629079	0.086494
-75.328956	-36.603184	0.086494
-75.472867	-36.346624	0.086494
-75.486996	-36.321301	0.086494
-75.516074	-36.270237	0.086494
-75.545708	-36.218597	0.086494
-77.115091	-33.543572	0.086494
-77.144515	-33.492715	0.086494
-77.159215	-33.467726	0.086494
-77.173958	-33.441869	0.086494
-77.188682	-33.416893	0.086494
-77.203607	-33.391143	0.086494
-77.217799	-33.365857	0.086494
-77.232872	-33.340193	0.086494
-77.246741	-33.314719	0.086494
-77.261893	-33.289101	0.086494
-77.276043	-33.263791	0.086494
-77.291116	-33.238126	0.086494
-77.305252	-33.212808	0.086494
-77.320062	-33.186990	0.086494
-77.334770	-33.162006	0.086494
-77.378610	-33.085101	0.086494
-77.393257	-33.058630	0.086494
-77.408362	-33.032985	0.086494
-77.422340	-33.007574	0.086494
-77.437157	-32.981760	0.086494
-77.451843	-32.956763	0.086494
-77.467257	-32.931299	0.086494
-77.481163	-32.905846	0.086494
-77.496079	-32.880090	0.086494
-77.510504	-32.854940	0.086494
-77.525672	-32.829331	0.086494
-77.539959	-32.804101	0.086494
-77.554404	-32.778070	0.086494
-77.568583	-32.752776	0.086494
-77.582968	-32.726711	0.086494
-77.612685	-32.676025	0.086494
-77.627266	-32.650966	0.086494
-77.641918	-32.625056	0.086494
-77.656169	-32.599805	0.086494
-79.960893	-28.581633	0.086494
-79.975016	-28.556307	0.086494
-80.035514	-28.454288	0.086494
-80.050232	-28.429287	0.086494
-80.065226	-28.403599	0.086494
-80.094316	-28.351956	0.086494
-80.109568	-28.327247	0.086494
-80.153714	-28.250788	0.086494
-80.168372	-28.225754	0.086494
-80.227091	-28.124214	0.086494
-80.302436	-27.997264	0.086494
-80.330896	-27.946729	0.086494
-80.360635	-27.895440	0.086494
-80.391003	-27.844496	0.086494
-80.434491	-27.768291	0.086494
-80.464947	-27.717395	0.086494
-80.480006	-27.692580	0.086494
-80.495020	-27.666289	0.086494
-82.441683	-24.316818	0.086394
-82.456036	-24.291623	0.086394
-82.471103	-24.265962	0.086394
-82.486009	-24.239633	0.086394
-82.500248	-24.214373	0.086394
-82.515008	-24.188536	0.086394
-82.529947	-24.163677	0.086394
-82.544141	-24.138391	0.086394
-82.558464	-24.112305	0.086394
-82.601573	-24.035298	0.086394
-82.616997	-24.009842	0.086394
-82.689566	-23.882002	0.086394
-82.703991	-23.855974	0.086394
-82.748013	-23.780065	0.086394
-82.806378	-23.677506	0.086394
-82.820777	-23.652337	0.086394
-85.495274	-18.811150	0.086494
-85.530488	-18.763704	0.086494
-85.565701	-18.716258	0.086494
-86.052386	-18.048844	0.086494
-87.135568	-16.184928	0.086594
-87.164067	-16.133544	0.086594
-87.179171	-16.108779	0.086594
-87.194063	-16.083018	0.086594
-87.222850	-16.031225	0.086594
-87.238569	-16.005937	0.086594
-87.266676	-15.955204	0.086594
-87.281561	-15.930314	0.086594
-87.296466	-15.904560	0.086594
-87.310959	-15.877995	0.086594
-87.428646	-15.674000	0.086594
-87.457094	-15.623463	0.086594
-87.486469	-15.572581	0.086594
-87.500779	-15.547362	0.086594
-87.559780	-15.445167	0.086594
-87.574406	-15.419253	0.086594
-87.603275	-15.368957	0.086594
-90.563017	-10.214832	0.086494
-90.578005	-10.189126	0.086494
-90.593154	-10.164386	0.086494
-90.608011	-10.139478	0.086494
-90.623273	-10.113929	0.086494
-90.652465	-10.062365	0.086494
-90.697391	-9.986973	0.086494
-90.727150	-9.936311	0.086494
-90.741608	-9.911176	0.086494
-90.787291	-9.834765	0.086494
-90.846868	-9.733474	0.086494
-90.936609	-9.582049	0.086494
-90.951757	-9.556435	0.086494
-90.980698	-9.506178	0.086494
-90.997037	-9.479794	0.086494
-91.026349	-9.429749	0.086494
-91.041108	-9.403913	0.086494
-91.070253	-9.353773	0.086494
-91.085400	-9.328158	0.086494
-91.100814	-9.302119	0.086494
-91.115868	-9.277324	0.086494
-91.130459	-9.251392	0.086494
-91.160585	-9.201812	0.086494
-91.176036	-9.176371	0.086494
-91.190631	-9.151314	0.086494
-92.034048	-7.689508	0.086594
-92.063360	-7.638584	0.086594
-92.078519	-7.612969	0.086594
-92.093286	-7.587122	0.086594
-92.107293	-7.561727	0.086594
-92.122093	-7.535900	0.086594
-92.136218	-7.510575	0.086594
-92.166496	-7.459320	0.086594
-92.195190	-7.408032	0.086594
-92.209479	-7.382803	0.086594
-92.371090	-7.101603	0.086594
-92.445198	-6.974330	0.086594
-92.459571	-6.949151	0.086594
-92.473473	-6.922795	0.086594
-93.997211	-4.269819	0.086494
-94.012121	-4.243450	0.086494
-94.099886	-4.090310	0.086494
-94.113984	-4.064318	0.086494
-94.157807	-3.988443	0.086494
-94.201600	-3.911101	0.086494
-94.215548	-3.885683	0.086494
-94.229936	-3.859042	0.086494
-94.272928	-3.782735	0.086494
-94.287431	-3.756953	0.086494
-94.503875	-3.371645	0.086594
-94.518565	-3.345185	0.086594
-94.575418	-3.241774	0.086594
-94.588778	-3.216021	0.086594
-94.603090	-3.190800	0.086594
-94.617287	-3.165515	0.086594
-94.631044	-3.139984	0.086594
-94.659817	-3.087319	0.086594
-94.757918	-2.907302	0.086594
-94.800330	-2.829040	0.086594
0
0
