QVEPB 5.0

MM
134.112910573956	104.334835605645	3.019289887421
0.999741844925	0.022720992632	0.000000000000
-0.022720992632	0.999741844925	0.000000000000
0.000000000000	0.000000000000	1.000000000000
409
94.250246	-2.641686	0.116494
94.220476	-2.692923	0.116494
94.147596	-2.821023	0.116494
94.133351	-2.846942	0.116494
94.118837	-2.872029	0.116494
94.103801	-2.897492	0.116494
93.913514	-3.229064	0.116494
93.899690	-3.254549	0.116494
93.884380	-3.279853	0.116494
93.854754	-3.331173	0.116494
93.840389	-3.357023	0.116494
93.810902	-3.407609	0.116494
93.781192	-3.458880	0.116494
93.764687	-3.492957	0.116394
93.749301	-3.518436	0.116394
93.734860	-3.543616	0.116394
93.719219	-3.568031	0.116394
93.689078	-3.618490	0.116394
93.628174	-3.719603	0.116394
93.567396	-3.819304	0.116394
93.551077	-3.845681	0.116394
93.536513	-3.870782	0.116394
91.917060	-6.675373	0.116294
91.902236	-6.699451	0.116294
91.873639	-6.751398	0.116294
91.770196	-6.929638	0.116294
91.754811	-6.955711	0.116294
91.726578	-7.005545	0.116294
91.668144	-7.108703	0.116294
91.564376	-7.286750	0.116294
91.550239	-7.311236	0.116294
91.535597	-7.337750	0.116294
91.521601	-7.363158	0.116294
91.491400	-7.414153	0.116294
90.792376	-8.619935	0.116494
90.748857	-8.696570	0.116494
90.719256	-8.747097	0.116494
90.676319	-8.824060	0.116494
90.632693	-8.900635	0.116494
90.603735	-8.951525	0.116494
90.588263	-8.977551	0.116494
90.501725	-9.131103	0.116494
90.457768	-9.207492	0.116494
89.882248	-10.195980	0.116494
89.867845	-10.221113	0.116494
89.838436	-10.272457	0.116494
89.808754	-10.322944	0.116494
89.794334	-10.348774	0.116494
89.750527	-10.425254	0.116494
89.722099	-10.476437	0.116494
89.677249	-10.553827	0.116494
89.662935	-10.578227	0.116494
89.619012	-10.654643	0.116494
89.589695	-10.706039	0.116494
89.574954	-10.730984	0.116494
89.128808	-11.504887	0.116494
89.085705	-11.580265	0.116494
89.054906	-11.630907	0.116494
88.952467	-11.809553	0.116494
88.922104	-11.860449	0.116494
88.907013	-11.885875	0.116494
88.893271	-11.911414	0.116494
88.863139	-11.961624	0.116494
88.847720	-11.987679	0.116494
88.819410	-12.038947	0.116494
88.759808	-12.140572	0.116494
88.701159	-12.241930	0.116494
88.686215	-12.266771	0.116494
88.641447	-12.343491	0.116494
88.612433	-12.394350	0.116494
88.596934	-12.420359	0.116494
88.553075	-12.496116	0.116494
88.064685	-13.344611	0.116494
88.050854	-13.370096	0.116494
88.021316	-13.420652	0.116494
88.005533	-13.446496	0.116494
87.991639	-13.471127	0.116494
87.947242	-13.548063	0.116494
87.932232	-13.574354	0.116494
87.888257	-13.650044	0.116494
87.859062	-13.700799	0.116494
87.785818	-13.828690	0.116494
87.742190	-13.904581	0.116494
87.726221	-13.930318	0.116494
87.697262	-13.981209	0.116494
87.638485	-14.082494	0.116494
87.594559	-14.159702	0.116494
87.535079	-14.261397	0.116494
86.543861	-15.980703	0.116594
86.528229	-16.006638	0.116594
86.514270	-16.031234	0.116594
86.485004	-16.083438	0.116594
86.471032	-16.108026	0.116594
86.411182	-16.210200	0.116594
86.397382	-16.235684	0.116594
86.381666	-16.260774	0.116594
86.353021	-16.311841	0.116594
86.293970	-16.414467	0.116594
86.205418	-16.566877	0.116594
86.161806	-16.644256	0.116594
86.131740	-16.694519	0.116594
86.117475	-16.718941	0.116594
85.409365	-17.945864	0.116494
85.394066	-17.970499	0.116494
85.379527	-17.997063	0.116494
85.365867	-18.021829	0.116494
85.320640	-18.098284	0.116494
85.247580	-18.226282	0.116494
85.218104	-18.276874	0.116494
85.188387	-18.327327	0.116494
85.174515	-18.352787	0.116494
85.129453	-18.429338	0.116494
85.041651	-18.581476	0.116494
84.997656	-18.658643	0.116494
84.939225	-18.760945	0.116494
84.894826	-18.837063	0.116494
84.880564	-18.862297	0.116494
84.836582	-18.939472	0.116494
84.792967	-19.015370	0.116494
84.354769	-19.775960	0.116594
84.281617	-19.902414	0.116594
84.265950	-19.928327	0.116594
84.251041	-19.953863	0.116594
84.162364	-20.106311	0.116594
84.132960	-20.156945	0.116594
84.058225	-20.283977	0.116594
84.028705	-20.334544	0.116594
83.984433	-20.411551	0.116594
83.970715	-20.436284	0.116594
83.955639	-20.462537	0.116594
83.941423	-20.486983	0.116594
83.925865	-20.512958	0.116594
83.896190	-20.563437	0.116594
83.867009	-20.614199	0.116594
83.850894	-20.639854	0.116594
83.821574	-20.690537	0.116594
83.806849	-20.715502	0.116594
83.792390	-20.741298	0.116594
82.675526	-22.543628	0.116494
82.553257	-22.744249	0.116494
82.322478	-23.121577	0.116494
82.231618	-23.271202	0.116494
81.866466	-23.994353	0.116494
81.715260	-24.280629	0.116494
81.346987	-24.985132	0.116494
80.231349	-26.917041	0.116394
80.098300	-27.146439	0.116394
80.084046	-27.170862	0.116394
80.025724	-27.273229	0.116394
79.937083	-27.425698	0.116394
79.921482	-27.450829	0.116394
79.833248	-27.603535	0.116394
79.818614	-27.630044	0.116394
79.744763	-27.756095	0.116394
79.700204	-27.832936	0.116394
79.117642	-28.850841	0.116394
79.103070	-28.876578	0.116394
79.073633	-28.927196	0.116394
79.028584	-29.003761	0.116394
78.821829	-29.358383	0.116394
78.777785	-29.435518	0.116394
78.733183	-29.511536	0.116394
78.703642	-29.562095	0.116394
78.318551	-30.231966	0.116494
78.274841	-30.307004	0.116494
78.245924	-30.359405	0.116494
78.230788	-30.384133	0.116494
78.216031	-30.409768	0.116494
78.128662	-30.562851	0.116494
78.070148	-30.664292	0.116494
77.995341	-30.791991	0.116494
77.922545	-30.919335	0.116494
77.893031	-30.969912	0.116494
77.849110	-31.046320	0.116494
77.805093	-31.123469	0.116494
77.789563	-31.148668	0.116494
77.776304	-31.173659	0.116494
77.177787	-32.206155	0.116494
77.163234	-32.231217	0.116494
77.148543	-32.256882	0.116494
77.134907	-32.282470	0.116494
77.119253	-32.307582	0.116494
77.075559	-32.384920	0.116494
77.046125	-32.435538	0.116494
77.002408	-32.512055	0.116494
76.898352	-32.689773	0.116494
76.884225	-32.714271	0.116494
76.869174	-32.740538	0.116494
76.840353	-32.791507	0.116494
76.811456	-32.842433	0.116494
76.780890	-32.893892	0.116494
76.767179	-32.919436	0.116494
76.663696	-33.096675	0.116494
76.648541	-33.122882	0.116494
76.590147	-33.224390	0.116494
76.561184	-33.275277	0.116494
75.588129	-34.962741	0.116394
75.498808	-35.114752	0.116394
75.483901	-35.140311	0.116394
75.469206	-35.165988	0.116394
75.410601	-35.268087	0.116394
75.395881	-35.293044	0.116394
75.381644	-35.318976	0.116394
75.351354	-35.369124	0.116394
75.337009	-35.394995	0.116394
75.322126	-35.420567	0.116394
75.189121	-35.649126	0.116394
75.101090	-35.801854	0.116394
75.071119	-35.852884	0.116394
75.011720	-35.954542	0.116394
74.198747	-37.367651	0.116494
74.051375	-37.622255	0.116494
74.036152	-37.648423	0.116494
74.006716	-37.699037	0.116494
73.991537	-37.723741	0.116494
73.976706	-37.749315	0.116494
73.873183	-37.926663	0.116494
73.754711	-38.129516	0.116494
73.709925	-38.206225	0.116494
73.007496	-39.434413	0.116494
72.993459	-39.458958	0.116494
72.963183	-39.509908	0.116494
72.919148	-39.585568	0.116494
72.904371	-39.612002	0.116494
72.772597	-39.840853	0.116494
72.743935	-39.891922	0.116494
72.641065	-40.070499	0.116494
72.625565	-40.096505	0.116494
72.538483	-40.249248	0.116494
72.523042	-40.273798	0.116494
72.508743	-40.300515	0.116494
72.024851	-41.139778	0.116494
71.995540	-41.190467	0.116494
71.966296	-41.241193	0.116494
71.950559	-41.267067	0.116494
71.935802	-41.292013	0.116494
71.802660	-41.522036	0.116494
71.773199	-41.572639	0.116494
71.714993	-41.674254	0.116494
71.671083	-41.751469	0.116494
71.656166	-41.775513	0.116494
71.640725	-41.801556	0.116494
71.612459	-41.852844	0.116494
71.582408	-41.903108	0.116494
71.567899	-41.928876	0.116494
71.524555	-42.004926	0.116494
70.685363	-43.460386	0.116494
70.626619	-43.562393	0.116494
70.567971	-43.663760	0.116494
70.523761	-43.740005	0.116494
70.434727	-43.892946	0.116494
70.420452	-43.918853	0.116494
70.404579	-43.944654	0.116494
70.375496	-43.995473	0.116494
70.330572	-44.071317	0.116494
70.287145	-44.148005	0.116494
70.272376	-44.172144	0.116494
70.257172	-44.198322	0.116494
70.242842	-44.224198	0.116494
70.139240	-44.401392	0.116494
69.708351	-45.154062	0.116494
69.693234	-45.180290	0.116494
69.664074	-45.231065	0.116494
69.619212	-45.306933	0.116494
69.604401	-45.331845	0.116494
69.589541	-45.357418	0.116494
69.574359	-45.383608	0.116494
69.560712	-45.408381	0.116494
69.486210	-45.535554	0.116494
69.471769	-45.561364	0.116494
69.147340	-46.120783	0.116494
69.132792	-46.147335	0.116494
69.103273	-46.197906	0.116494
68.347281	-47.508382	0.116594
68.245146	-47.686533	0.116594
68.142278	-47.864930	0.116594
68.128662	-47.890541	0.116594
68.098720	-47.940862	0.116594
68.011097	-48.095412	0.116594
67.996443	-48.120421	0.116594
67.923382	-48.248418	0.116594
67.850384	-48.374963	0.116594
67.820771	-48.426293	0.116594
66.921455	-49.982577	0.116594
66.891042	-50.034130	0.116594
66.861534	-50.084708	0.116594
66.832383	-50.135488	0.116594
66.803928	-50.186664	0.116594
66.687027	-50.390306	0.116594
66.671958	-50.416561	0.116594
66.642609	-50.467229	0.116594
66.495734	-50.721185	0.116594
66.480631	-50.747421	0.116594
66.466601	-50.771976	0.116594
66.451426	-50.798171	0.116594
66.392442	-50.900833	0.116594
65.412470	-52.417797	0.116494
65.218475	-52.782162	0.116494
65.191752	-52.834339	0.116494
64.914849	-53.352849	0.116494
63.900550	-55.212358	0.116394
63.885371	-55.236242	0.116394
63.856304	-55.287891	0.116394
63.841678	-55.313587	0.116394
63.826646	-55.338376	0.116394
63.796862	-55.388789	0.116394
63.782210	-55.415289	0.116394
63.679338	-55.593014	0.116394
63.546614	-55.822601	0.116394
63.516808	-55.873001	0.116394
63.443538	-56.000878	0.116394
63.369403	-56.127582	0.116394
63.340207	-56.178336	0.116394
63.295779	-56.255253	0.116394
62.085524	-58.358203	0.116494
62.070279	-58.384358	0.116494
62.011591	-58.484907	0.116494
61.996886	-58.511366	0.116494
61.968133	-58.562371	0.116494
61.850878	-58.765821	0.116494
61.791526	-58.868280	0.116494
61.776939	-58.892522	0.116494
61.660193	-59.097748	0.116494
61.571671	-59.249487	0.116494
61.557378	-59.275384	0.116494
61.542185	-59.301568	0.116494
61.513373	-59.352539	0.116494
60.669829	-60.814015	0.116494
60.625458	-60.890164	0.116494
60.611234	-60.915409	0.116494
60.596434	-60.941016	0.116494
60.580884	-60.966999	0.116494
60.463229	-61.169523	0.116494
60.434542	-61.221256	0.116494
60.404331	-61.271434	0.116494
60.389800	-61.296506	0.116494
60.316945	-61.423814	0.116494
60.287130	-61.475707	0.116494
60.227978	-61.576785	0.116494
60.183491	-61.653669	0.116494
58.989798	-63.729961	0.116494
58.960189	-63.780481	0.116494
58.946121	-63.806504	0.116494
58.916235	-63.856868	0.116494
58.652889	-64.316310	0.116494
58.535627	-64.520548	0.116494
58.521000	-64.544764	0.116494
56.349642	-68.300692	0.116394
56.291486	-68.403825	0.116394
56.276401	-68.427783	0.116394
56.261916	-68.454368	0.116394
56.246663	-68.479721	0.116394
56.115688	-68.708694	0.116394
56.100466	-68.734064	0.116394
56.070480	-68.784371	0.116394
56.041221	-68.836580	0.116394
56.026923	-68.861782	0.116394
56.012225	-68.887448	0.116394
55.996957	-68.913590	0.116394
55.953484	-68.988760	0.116394
55.938455	-69.014239	0.116394
55.923092	-69.040327	0.116394
54.610632	-71.313794	0.116494
54.580617	-71.364776	0.116494
54.493695	-71.517418	0.116494
54.463536	-71.569117	0.116494
54.288385	-71.875151	0.116494
54.273186	-71.900534	0.116494
54.171789	-72.078969	0.116494
54.142278	-72.129546	0.116494
54.097628	-72.206337	0.116494
54.068423	-72.257087	0.116494
52.911154	-74.258273	0.116594
52.895702	-74.284311	0.116594
52.881047	-74.310001	0.116594
52.838467	-74.385678	0.116594
52.720516	-74.591015	0.116594
52.618748	-74.769240	0.116594
52.604266	-74.795029	0.116594
52.574370	-74.845387	0.116594
52.516599	-74.947249	0.116594
52.413499	-75.126208	0.116594
52.325940	-75.279980	0.116594
51.878596	-76.052398	0.116494
51.862327	-76.077954	0.116494
51.848263	-76.103313	0.116494
51.833033	-76.128650	0.116494
51.802533	-76.179467	0.116494
51.743186	-76.281242	0.116494
50.100774	-79.120234	0.116494
50.042304	-79.223189	0.116494
50.027605	-79.247361	0.116494
49.925562	-79.427721	0.116494
49.911726	-79.452386	0.116494
49.852267	-79.555581	0.116494
49.823694	-79.606690	0.116494
49.809141	-79.630947	0.116494
49.722162	-79.785047	0.116494
49.634541	-79.938782	0.116494
49.673172	-79.873766	0.116494
49.628738	-79.950669	0.116494
49.612753	-79.975677	0.116494
49.568843	-80.051372	0.116494
49.554268	-80.077132	0.116494
49.508312	-80.153973	0.116494
49.493606	-80.178175	0.116494
49.448242	-80.254582	0.116494
49.433318	-80.280156	0.116494
49.418406	-80.305737	0.116494
0
0
