QVEPB 5.0

MM
134.112910573956	104.334835605645	3.019289887421
0.999741844925	0.022720992632	0.000000000000
-0.022720992632	0.999741844925	0.000000000000
0.000000000000	0.000000000000	1.000000000000
410
-49.469043	-80.233827	0.257194
-49.482731	-80.208254	0.257194
-49.512588	-80.158516	0.257194
-49.585862	-80.030206	0.257194
-49.599636	-80.004681	0.257194
-49.644880	-79.928015	0.257194
-49.658502	-79.902405	0.257194
-49.672714	-79.877129	0.257194
-49.687570	-79.851350	0.257194
-49.717804	-79.800375	0.257194
-49.834492	-79.596679	0.257194
-49.849290	-79.570868	0.257194
-49.863114	-79.545372	0.257194
-49.892435	-79.495329	0.257194
-49.980605	-79.342132	0.257194
-50.024964	-79.264963	0.257194
-50.068504	-79.188781	0.257194
-50.082900	-79.162158	0.257194
-51.956921	-75.917551	0.256994
-52.058331	-75.738525	0.256994
-52.275916	-75.354641	0.256994
-52.361736	-75.201556	0.256994
-52.419770	-75.098807	0.256994
-52.535387	-74.893631	0.256994
-52.862292	-74.342390	0.257094
-52.892517	-74.290540	0.257094
-53.170735	-73.807108	0.257094
-53.215039	-73.729907	0.257094
-53.258514	-73.654551	0.257094
-53.301866	-73.576813	0.257094
-53.346125	-73.501037	0.257094
-53.405179	-73.398863	0.257094
-53.493146	-73.246412	0.257094
-53.536653	-73.168761	0.257094
-55.028897	-70.583565	0.257094
-55.043709	-70.558637	0.257094
-55.102591	-70.456945	0.257094
-55.250224	-70.201514	0.257094
-55.280372	-70.151077	0.257094
-55.294259	-70.125614	0.257094
-55.309215	-70.100770	0.257094
-55.338519	-70.049845	0.257094
-55.427644	-69.897773	0.257094
-55.486082	-69.795823	0.257094
-56.363814	-68.277351	0.256994
-56.378337	-68.252249	0.256994
-56.437001	-68.149852	0.256994
-56.481427	-68.073575	0.256994
-56.496013	-68.047651	0.256994
-56.510385	-68.022464	0.256994
-56.554245	-67.945869	0.256994
-56.657453	-67.767854	0.256994
-56.687061	-67.716514	0.256994
-56.701002	-67.691085	0.256994
-56.715923	-67.666206	0.256994
-56.745467	-67.615423	0.256994
-56.774390	-67.563699	0.256994
-56.804530	-67.513250	0.256994
-56.921701	-67.309225	0.256994
-56.950984	-67.258296	0.256994
-56.965434	-67.231702	0.256994
-56.980154	-67.206710	0.256994
-57.009428	-67.156634	0.256994
-58.025000	-65.403649	0.257094
-58.054359	-65.351306	0.257094
-58.127251	-65.224222	0.257094
-58.200662	-65.096552	0.257094
-58.406406	-64.739867	0.257094
-58.480079	-64.613236	0.257094
-58.494785	-64.587361	0.257094
-58.509384	-64.562311	0.257094
-58.538637	-64.511356	0.257094
-59.383991	-63.046624	0.257094
-59.398680	-63.020743	0.257094
-59.427679	-62.970524	0.257094
-59.501097	-62.843746	0.257094
-59.574391	-62.715445	0.257094
-59.647790	-62.588656	0.257094
-59.663100	-62.563133	0.257094
-59.676983	-62.537668	0.257094
-59.780699	-62.359088	0.257094
-59.795100	-62.333922	0.257094
-59.956560	-62.052995	0.257094
-60.276055	-61.506574	0.257094
-60.348896	-61.379465	0.257094
-60.392623	-61.301937	0.257094
-60.435663	-61.225466	0.257094
-60.479247	-61.149306	0.257094
-60.552687	-61.021090	0.257094
-60.566885	-60.995807	0.257094
-60.581559	-60.970797	0.257094
-60.640235	-60.867540	0.257094
-60.654514	-60.842302	0.257094
-60.683606	-60.791258	0.257094
-60.698275	-60.766245	0.257094
-60.728042	-60.715588	0.257094
-60.772344	-60.638390	0.257094
-60.844783	-60.511050	0.257094
-60.859478	-60.486051	0.257094
-60.872734	-60.460227	0.257094
-60.932216	-60.357433	0.257094
-63.254278	-56.346570	0.256994
-63.313286	-56.244374	0.256994
-63.327153	-56.218902	0.256994
-63.356874	-56.168218	0.256994
-63.430808	-56.041151	0.256994
-63.518447	-55.887653	0.256994
-63.708921	-55.556806	0.256994
-63.738917	-55.506278	0.256994
-63.768807	-55.455107	0.256994
-63.885392	-55.250485	0.256994
-63.900672	-55.225815	0.256994
-63.914487	-55.200314	0.256994
-63.943641	-55.149309	0.256994
-64.003606	-55.047656	0.256994
-64.797881	-53.678513	0.257194
-64.827561	-53.627806	0.257194
-64.855881	-53.576299	0.257194
-64.987834	-53.347618	0.257194
-65.252929	-52.889162	0.257194
-65.281268	-52.837666	0.257194
-66.031663	-51.533242	0.216194
-66.134013	-51.354409	0.216194
-66.280920	-51.099086	0.216194
-66.472224	-50.768080	0.216194
-66.515433	-50.690793	0.216194
-66.918342	-50.000297	0.216894
-67.021253	-49.822318	0.216894
-67.050843	-49.770946	0.216894
-67.064709	-49.745480	0.216894
-67.109698	-49.669478	0.216894
-67.153319	-49.592730	0.216894
-67.167039	-49.567183	0.216894
-67.197249	-49.516150	0.216894
-67.226401	-49.464540	0.216894
-67.256000	-49.414625	0.216894
-67.373119	-49.209914	0.216894
-67.388150	-49.185083	0.216894
-67.416993	-49.133304	0.216894
-67.476284	-49.032073	0.216894
-67.563536	-48.878583	0.216894
-67.593739	-48.827545	0.216894
-68.390991	-47.453966	0.217094
-68.450476	-47.352623	0.217094
-68.508713	-47.249990	0.217094
-68.581520	-47.122862	0.217094
-68.611923	-47.072570	0.217094
-68.625707	-47.047048	0.217094
-68.714675	-46.894312	0.217094
-68.729741	-46.868650	0.217094
-68.803122	-46.740400	0.217094
-68.846501	-46.664123	0.217094
-68.861551	-46.639328	0.217094
-68.875982	-46.614178	0.217094
-68.890349	-46.588115	0.217094
-68.919934	-46.536780	0.217094
-68.964220	-46.461023	0.217094
-68.979080	-46.435243	0.217094
-69.008673	-46.384486	0.217094
-69.037271	-46.334035	0.217094
-69.067329	-46.282094	0.217094
-69.813145	-44.991284	0.217194
-69.842726	-44.940517	0.217194
-69.856653	-44.915076	0.217194
-69.915240	-44.813205	0.217194
-69.974148	-44.711524	0.217194
-70.003395	-44.660561	0.217194
-70.018625	-44.634987	0.217194
-70.032179	-44.609326	0.217194
-70.061828	-44.558599	0.217194
-70.076666	-44.532795	0.217194
-70.105609	-44.481654	0.217194
-70.149659	-44.404865	0.217194
-70.179667	-44.354351	0.217194
-70.208424	-44.303099	0.217194
-70.252951	-44.227492	0.217194
-70.296366	-44.150330	0.217194
-70.340093	-44.074251	0.217194
-70.355466	-44.048761	0.217194
-70.399220	-43.972698	0.217194
-70.428402	-43.921697	0.217194
-70.472327	-43.843386	0.217194
-71.409401	-42.210709	0.217094
-71.424022	-42.185660	0.217094
-71.468432	-42.109365	0.217094
-71.498104	-42.058055	0.217094
-71.526381	-42.007420	0.217094
-71.585811	-41.905446	0.217094
-71.614510	-41.853594	0.217094
-71.643366	-41.803281	0.217094
-71.761221	-41.599027	0.217094
-71.791166	-41.548468	0.217094
-71.819543	-41.496437	0.217094
-71.848640	-41.446258	0.217094
-71.863648	-41.419973	0.217094
-71.907842	-41.345009	0.217094
-71.937268	-41.293562	0.217094
-71.966724	-41.242731	0.217094
-71.980851	-41.215955	0.217094
-72.226423	-40.797132	0.216994
-72.241168	-40.772152	0.216994
-72.255958	-40.744894	0.216994
-72.285746	-40.695098	0.216994
-72.314884	-40.643490	0.216994
-72.344818	-40.593776	0.216994
-72.358906	-40.568430	0.216994
-72.506993	-40.312924	0.216994
-72.593669	-40.160592	0.216994
-72.697500	-39.982317	0.216994
-72.770398	-39.854652	0.216994
-73.657621	-38.341742	0.216994
-73.790072	-38.111909	0.216994
-74.007996	-37.730223	0.216994
-74.110673	-37.551043	0.216994
-74.331379	-37.168634	0.216994
-74.345911	-37.142660	0.216994
-74.418807	-37.015579	0.216994
-74.693690	-36.532900	0.216994
-74.708091	-36.507740	0.216994
-74.738923	-36.456808	0.216994
-74.752838	-36.431357	0.216994
-74.768588	-36.406091	0.216994
-74.856324	-36.253719	0.216994
-74.885641	-36.202793	0.216994
-74.945538	-36.100783	0.216994
-74.960446	-36.075012	0.216994
-74.974357	-36.051008	0.216994
-74.989098	-36.025137	0.216994
-75.062799	-35.897610	0.216994
-75.078204	-35.872137	0.216994
-75.092709	-35.846124	0.216994
-75.137813	-35.769955	0.216994
-75.151659	-35.744462	0.216994
-75.195938	-35.669247	0.216994
-75.211417	-35.643819	0.216994
-75.225316	-35.617443	0.216994
-75.255872	-35.567260	0.216994
-76.764123	-32.954200	0.216894
-76.778491	-32.928139	0.216894
-76.792683	-32.902852	0.216894
-76.821895	-32.851877	0.216894
-76.836181	-32.826643	0.216894
-76.866144	-32.776098	0.216894
-76.910252	-32.698789	0.216894
-76.954679	-32.623113	0.216894
-77.042984	-32.469996	0.216894
-77.130946	-32.316682	0.216894
-77.144793	-32.291197	0.216894
-77.159331	-32.266108	0.216894
-77.174822	-32.240690	0.216894
-77.188874	-32.215323	0.216894
-77.203885	-32.190505	0.216894
-77.277527	-32.062405	0.216894
-77.306479	-32.011281	0.216894
-77.321388	-31.986404	0.216894
-77.381130	-31.883758	0.216894
-77.970846	-30.859267	0.216994
-78.133150	-30.578529	0.216994
-78.148057	-30.553646	0.216994
-78.206306	-30.451019	0.216994
-78.221430	-30.426259	0.216994
-78.235900	-30.400263	0.216994
-78.251245	-30.375628	0.216994
-78.265850	-30.350575	0.216994
-78.294852	-30.298900	0.216994
-78.413217	-30.096152	0.216994
-78.486712	-29.968834	0.216994
-78.501453	-29.942407	0.216994
-78.516686	-29.917709	0.216994
-78.575025	-29.815133	0.216994
-78.590381	-29.790504	0.216994
-78.604789	-29.765340	0.216994
-79.845157	-27.620636	0.216894
-79.859994	-27.595727	0.216894
-79.889182	-27.544732	0.216894
-79.933671	-27.469099	0.216894
-79.947884	-27.442932	0.216894
-79.976974	-27.391880	0.216894
-80.021175	-27.316079	0.216894
-80.065185	-27.238715	0.216894
-80.198053	-27.010573	0.216894
-80.329854	-26.780357	0.216894
-80.345450	-26.754999	0.216894
-80.418465	-26.627984	0.216894
-80.447871	-26.577117	0.216894
-81.630927	-24.532659	0.216994
-81.661223	-24.482314	0.216994
-81.690790	-24.431540	0.216994
-81.779034	-24.278948	0.216994
-81.793613	-24.253890	0.216994
-81.838628	-24.177671	0.216994
-81.867775	-24.126649	0.216994
-81.897392	-24.075905	0.216994
-81.911993	-24.049961	0.216994
-82.044276	-23.821474	0.216994
-82.059594	-23.795952	0.216994
-83.493617	-21.306778	0.216894
-83.553124	-21.204865	0.216894
-83.627002	-21.077768	0.216894
-83.685343	-20.975775	0.216894
-83.891340	-20.618947	0.216894
-83.935611	-20.543180	0.216894
-83.995063	-20.441236	0.216894
-84.082795	-20.288659	0.216894
-84.142259	-20.187303	0.216894
-84.201157	-20.085045	0.216894
-86.377202	-16.313688	0.165694
-86.406185	-16.262571	0.165694
-86.421386	-16.237878	0.165694
-86.450539	-16.186861	0.165694
-86.554224	-16.008820	0.165694
-86.598414	-15.932115	0.165694
-86.612293	-15.906645	0.165694
-86.642338	-15.856152	0.165694
-86.656728	-15.830085	0.165694
-86.671149	-15.804035	0.165694
-86.730151	-15.702410	0.165694
-86.774076	-15.627897	0.165694
-86.788448	-15.601819	0.165694
-86.802766	-15.576607	0.165694
-86.817298	-15.550623	0.165694
-86.833036	-15.525349	0.165694
-86.935098	-15.347252	0.165694
-88.066575	-13.384594	0.166294
-88.081172	-13.359546	0.166294
-88.095447	-13.333413	0.166294
-88.184299	-13.181179	0.166294
-88.197897	-13.155545	0.166294
-88.213407	-13.130136	0.166294
-88.242460	-13.079061	0.166294
-88.256527	-13.053702	0.166294
-88.271392	-13.027915	0.166294
-88.316161	-12.952447	0.166294
-88.374471	-12.850416	0.166294
-88.417938	-12.773289	0.166294
-88.491958	-12.645412	0.166294
-88.507602	-12.620082	0.166294
-88.550849	-12.543722	0.166294
-88.609765	-12.442047	0.166294
-88.668526	-12.340280	0.166294
-88.683050	-12.314293	0.166294
-88.697879	-12.289381	0.166294
-88.712758	-12.263602	0.166294
-89.654773	-10.638741	0.166594
-89.684525	-10.588075	0.166594
-89.699375	-10.562289	0.166594
-89.743065	-10.484740	0.166594
-89.757024	-10.459319	0.166594
-89.771991	-10.434477	0.166594
-89.801108	-10.383447	0.166594
-89.816654	-10.358060	0.166594
-89.875413	-10.255727	0.166594
-89.889899	-10.230609	0.166594
-89.903866	-10.204316	0.166594
-89.948459	-10.128736	0.166594
-89.962352	-10.103277	0.166594
-90.020933	-10.001416	0.166594
-90.050933	-9.949441	0.166594
-90.095392	-9.873785	0.166594
-90.109307	-9.848338	0.166594
-90.123915	-9.822413	0.166594
-90.138999	-9.797638	0.166594
-90.153169	-9.772339	0.166594
-90.168840	-9.747024	0.166594
-90.182694	-9.720092	0.166594
-90.198379	-9.695662	0.166594
-90.242232	-9.618780	0.166594
-90.271057	-9.568459	0.166594
-90.314962	-9.492485	0.166594
-91.380150	-7.652493	0.166494
-91.394846	-7.627503	0.166494
-91.439284	-7.550944	0.166494
-91.468488	-7.499957	0.166494
-91.570173	-7.320740	0.166494
-91.585310	-7.296010	0.166494
-91.629160	-7.219105	0.166494
-91.672799	-7.142077	0.166494
-91.731444	-7.040241	0.166494
-91.746441	-7.015428	0.166494
-91.819285	-6.887413	0.166494
-91.863326	-6.810620	0.166494
-91.877905	-6.785562	0.166494
-91.892255	-6.759471	0.166494
-91.907289	-6.734680	0.166494
-91.922039	-6.708824	0.166494
-93.585820	-3.816318	0.166394
-93.600161	-3.791116	0.166394
-93.629780	-3.740374	0.166394
-93.674445	-3.664834	0.166394
-93.718724	-3.587622	0.166394
-93.763098	-3.511916	0.166394
-93.777696	-3.486861	0.166394
-93.837113	-3.384904	0.166394
-93.881490	-3.309199	0.166394
-93.895617	-3.283875	0.166394
-93.911934	-3.257479	0.166394
-93.915808	-3.251168	0.166294
-93.945777	-3.200063	0.166294
-93.961100	-3.174546	0.166294
-93.974789	-3.148969	0.166294
-93.989971	-3.123370	0.166294
-94.004703	-3.098397	0.166294
-94.035373	-3.048262	0.166294
-94.064990	-2.997519	0.166294
-94.094248	-2.946567	0.166294
-94.124172	-2.896001	0.166294
-94.154507	-2.845672	0.166294
-94.199036	-2.768609	0.166294
-94.213828	-2.743669	0.166294
-94.229555	-2.718387	0.166294
0
0
