QVEPB 5.0

MM
133.729957657677	104.223834443240	3.053589887421
0.999892068382	0.014691888457	0.000000000000
-0.014691888457	0.999892068382	0.000000000000
0.000000000000	0.000000000000	1.000000000000
15
-92.166814	-0.082223	0.152700
-92.169723	-0.085844	0.152700
-92.275881	-0.013886	0.152700
-92.253722	-0.007570	0.152700
-92.254919	-0.003970	0.152700
-92.254220	-0.001176	0.152700
-92.257711	0.041655	0.152700
-92.211729	0.097896	0.152700
-92.208966	0.100961	0.152700
-92.099990	0.034983	0.152700
-92.097934	0.032532	0.152700
-92.097765	0.030594	0.152700
-92.096530	0.028774	0.152700
-92.085905	0.021310	0.152700
-92.085682	0.019249	0.152700
0
0
