QVEPB 5.0

MM
133.729957657677	104.223834443240	3.053589887421
0.999892068382	0.014691888457	0.000000000000
-0.014691888457	0.999892068382	0.000000000000
0.000000000000	0.000000000000	1.000000000000
334
94.941483	-2.545964	0.033794
94.865967	-2.672563	0.033794
94.836312	-2.723057	0.033794
94.775661	-2.824096	0.033794
94.760303	-2.847894	0.033794
94.729409	-2.899980	0.033794
94.699202	-2.950160	0.033794
94.684829	-2.974517	0.033794
94.668967	-3.000325	0.033794
94.639018	-3.050651	0.033794
94.593006	-3.125188	0.033794
94.577463	-3.151177	0.033794
94.547731	-3.201627	0.033794
94.518111	-3.252141	0.033794
94.486988	-3.302614	0.033794
94.127617	-3.932564	0.033894
94.112599	-3.957369	0.033894
94.097845	-3.982988	0.033894
94.010916	-4.136442	0.033894
93.997058	-4.161909	0.033894
93.952725	-4.238881	0.033894
93.893992	-4.341010	0.033894
93.880080	-4.366447	0.033894
93.865736	-4.392301	0.033894
93.749048	-4.597004	0.033894
93.734638	-4.621338	0.033894
92.510908	-6.753780	0.033894
92.495696	-6.779956	0.033894
92.466297	-6.830592	0.033894
92.405564	-6.931573	0.033894
92.376252	-6.982258	0.033894
92.361222	-7.007055	0.033894
92.346546	-7.033539	0.033894
92.256172	-7.185017	0.033894
92.226783	-7.234175	0.033894
92.211277	-7.260182	0.033894
92.197346	-7.285611	0.033894
92.166808	-7.335593	0.033894
92.151622	-7.361783	0.033894
91.977230	-7.650309	0.033894
91.962412	-7.675229	0.033894
91.932251	-7.725420	0.033894
91.902653	-7.776766	0.033894
91.887491	-7.802141	0.033894
91.872883	-7.827183	0.033894
91.858915	-7.852595	0.033894
91.843616	-7.878720	0.033894
91.829511	-7.904053	0.033894
91.813974	-7.929212	0.033894
91.784890	-7.980855	0.033894
91.769856	-8.005650	0.033894
91.740645	-8.056390	0.033894
91.680838	-8.157899	0.033894
91.665987	-8.182800	0.033894
91.651106	-8.209167	0.033894
91.636933	-8.234461	0.033894
91.622367	-8.260181	0.033894
91.607668	-8.285170	0.033894
91.591857	-8.310999	0.033894
91.577409	-8.336133	0.033894
91.562726	-8.361131	0.033894
91.165836	-9.041012	0.033894
91.151654	-9.067782	0.033894
90.974627	-9.372212	0.033894
90.960119	-9.398793	0.033894
90.930966	-9.449568	0.033894
90.915758	-9.474263	0.033894
90.901116	-9.499285	0.033894
90.886644	-9.525061	0.033894
90.871616	-9.549859	0.033894
90.856675	-9.576191	0.033894
90.813599	-9.652403	0.033894
90.769166	-9.729314	0.033894
90.754292	-9.754202	0.033894
90.738820	-9.780227	0.033894
90.724641	-9.805516	0.033894
90.710101	-9.831253	0.033894
90.680263	-9.880975	0.033894
90.665090	-9.907174	0.033894
90.034695	-11.000354	0.033894
90.019546	-11.025083	0.033894
90.004339	-11.051261	0.033894
89.990199	-11.075748	0.033894
89.886233	-11.252849	0.033894
89.871961	-11.279564	0.033894
89.857017	-11.304411	0.033894
89.827637	-11.355057	0.033894
89.693645	-11.584738	0.033894
89.679189	-11.609043	0.033894
89.664116	-11.635299	0.033894
89.620028	-11.710927	0.033894
89.561632	-11.813250	0.033894
89.546735	-11.838124	0.033894
89.517759	-11.889002	0.033894
89.502047	-11.914891	0.033894
89.487675	-11.940066	0.033894
89.324857	-12.221413	0.033894
89.310346	-12.245698	0.033894
89.295185	-12.271904	0.033894
89.281404	-12.296598	0.033894
89.250706	-12.348799	0.033894
89.207468	-12.424105	0.033894
89.192479	-12.450407	0.033894
89.178177	-12.474809	0.033894
89.163095	-12.501059	0.033894
89.148269	-12.526650	0.033894
89.134184	-12.551977	0.033894
89.105232	-12.602872	0.033894
89.002509	-12.782045	0.033894
88.957875	-12.857370	0.033894
88.943209	-12.883051	0.033894
88.928160	-12.909319	0.033894
88.914142	-12.933881	0.033894
88.899387	-12.960315	0.033894
88.884893	-12.984609	0.033894
88.870484	-13.011237	0.033894
88.855632	-13.035331	0.033894
88.796604	-13.138775	0.033894
88.020287	-14.490687	0.033894
88.005456	-14.515601	0.033894
87.991369	-14.540114	0.033894
87.975761	-14.566058	0.033894
87.961105	-14.591074	0.033894
87.900889	-14.692341	0.033894
87.886480	-14.717500	0.033894
87.870773	-14.743386	0.033894
87.812022	-14.844024	0.033894
87.752073	-14.946281	0.033894
87.648195	-15.124256	0.033894
87.633921	-15.148660	0.033894
87.618309	-15.174602	0.033894
86.614258	-16.921807	0.033994
86.599758	-16.947566	0.033994
86.585250	-16.972665	0.033994
86.570168	-16.998916	0.033994
86.556056	-17.024245	0.033994
86.541664	-17.050066	0.033994
86.337425	-17.407221	0.033994
86.322211	-17.432566	0.033994
86.307797	-17.457721	0.033994
86.263969	-17.534981	0.033994
86.220139	-17.611585	0.033994
86.161461	-17.712919	0.033994
85.114651	-19.532508	0.033894
85.101142	-19.557357	0.033894
85.071270	-19.608541	0.033894
85.055908	-19.633815	0.033894
85.041890	-19.659190	0.033894
85.012749	-19.709975	0.033894
84.807500	-20.067865	0.033894
84.793842	-20.093445	0.033894
84.779102	-20.119890	0.033894
84.765053	-20.144431	0.033894
84.749122	-20.170197	0.033894
84.735790	-20.195146	0.033894
84.720177	-20.221094	0.033894
84.706313	-20.246556	0.033894
84.691736	-20.272278	0.033894
83.226783	-22.802842	0.033894
83.154098	-22.930382	0.033894
83.138779	-22.955683	0.033894
83.124530	-22.980925	0.033894
83.095017	-23.031498	0.033894
83.080350	-23.057984	0.033894
83.066659	-23.082729	0.033894
83.051338	-23.108844	0.033894
83.036704	-23.133866	0.033894
83.021695	-23.159343	0.033894
83.008070	-23.184940	0.033894
82.992632	-23.210988	0.033894
82.978978	-23.235753	0.033894
82.963971	-23.262046	0.033894
82.948675	-23.288175	0.033894
82.935065	-23.312966	0.033894
82.919000	-23.338657	0.033894
82.905290	-23.364205	0.033894
82.890351	-23.389722	0.033894
82.876294	-23.415073	0.033894
82.861225	-23.441331	0.033894
82.832397	-23.492294	0.033894
82.816869	-23.516808	0.033894
82.802323	-23.542549	0.033894
81.511499	-25.772999	0.033794
81.497550	-25.798422	0.033794
81.482235	-25.823708	0.033794
81.468277	-25.849127	0.033794
81.439909	-25.901185	0.033794
81.283187	-26.183871	0.033794
81.254998	-26.235204	0.033794
81.226552	-26.287217	0.033794
81.211804	-26.312178	0.033794
81.198043	-26.339194	0.033794
81.169606	-26.390382	0.033794
81.154863	-26.415347	0.033794
81.140096	-26.441779	0.033794
81.097892	-26.518498	0.033794
81.055022	-26.596313	0.033794
81.027542	-26.647402	0.033794
79.952705	-28.491575	0.033894
79.938224	-28.518177	0.033894
79.878983	-28.619365	0.033894
79.864159	-28.644930	0.033894
79.850426	-28.670485	0.033894
79.834785	-28.696409	0.033894
79.791262	-28.773202	0.033894
79.657944	-29.001781	0.033894
79.628786	-29.051904	0.033894
79.614714	-29.078745	0.033894
79.599225	-29.103274	0.033894
79.584958	-29.129164	0.033894
79.496584	-29.281136	0.033894
79.394377	-29.460088	0.033894
79.379220	-29.484812	0.033894
79.364188	-29.511091	0.033894
79.350162	-29.536476	0.033894
77.671721	-32.440298	0.033994
77.410479	-32.900833	0.033994
77.396540	-32.926273	0.033994
77.366307	-32.977251	0.033994
77.352457	-33.004226	0.033994
77.308495	-33.079925	0.033994
77.250420	-33.181804	0.033994
77.192969	-33.284691	0.033994
74.030970	-38.754992	0.033894
73.957574	-38.881998	0.033894
73.941777	-38.907846	0.033894
73.928220	-38.932667	0.033894
73.912579	-38.958602	0.033894
73.591265	-39.519136	0.033894
73.546431	-39.595831	0.033894
73.532219	-39.621767	0.033894
73.517517	-39.646748	0.033894
71.671525	-42.813331	0.033894
71.643088	-42.863915	0.033894
71.629129	-42.890236	0.033894
71.483671	-43.146491	0.033894
71.469518	-43.171823	0.033894
71.455718	-43.197369	0.033894
71.369323	-43.351431	0.033894
71.354736	-43.377370	0.033894
71.311164	-43.454173	0.033894
71.296434	-43.479155	0.033894
71.254199	-43.556770	0.033894
70.301021	-45.203284	0.033894
70.152963	-45.457667	0.033894
70.092703	-45.558906	0.033894
70.063334	-45.610389	0.033894
68.674107	-48.013366	0.033794
68.660109	-48.039427	0.033794
68.601532	-48.140078	0.033794
68.556264	-48.217256	0.033794
68.542569	-48.242780	0.033794
68.469145	-48.370511	0.033794
68.454067	-48.395281	0.033794
68.424951	-48.446792	0.033794
68.410314	-48.471803	0.033794
68.336725	-48.599443	0.033794
67.532378	-49.995772	0.033894
67.517933	-50.021572	0.033894
67.473509	-50.098494	0.033894
67.459599	-50.123927	0.033894
67.444774	-50.149510	0.033894
67.401305	-50.225492	0.033894
67.195757	-50.583216	0.033894
67.167368	-50.634429	0.033894
67.079451	-50.787319	0.033894
65.413546	-53.665419	0.033994
65.384470	-53.716244	0.033994
65.370359	-53.740752	0.033994
65.355478	-53.767115	0.033994
65.341455	-53.792480	0.033994
65.326544	-53.818020	0.033994
65.282409	-53.895108	0.033994
65.253577	-53.946070	0.033994
65.224453	-53.996868	0.033994
65.209277	-54.023065	0.033994
65.078545	-54.252982	0.033994
65.064763	-54.277676	0.033994
65.049280	-54.303700	0.033994
65.034595	-54.327885	0.033994
65.019706	-54.354244	0.033994
64.251049	-55.698729	0.033994
64.161356	-55.850773	0.033994
64.145974	-55.875363	0.033994
64.116488	-55.925935	0.033994
64.056782	-56.026855	0.033994
64.041643	-56.053072	0.033994
64.012175	-56.103019	0.033994
63.952927	-56.205694	0.033994
63.908033	-56.281688	0.033994
63.862908	-56.356697	0.033994
63.803587	-56.457846	0.033994
60.061509	-62.937398	0.033794
59.955927	-63.114266	0.033794
59.941218	-63.139245	0.033794
59.926317	-63.164788	0.033794
59.896598	-63.216057	0.033794
59.881889	-63.240226	0.033794
59.747646	-63.468154	0.033794
59.701490	-63.544096	0.033794
59.582582	-63.746727	0.033794
59.567098	-63.771939	0.033794
59.551042	-63.797638	0.033794
59.536900	-63.822938	0.033794
56.114607	-69.765241	0.033694
56.085234	-69.815897	0.033694
56.070226	-69.841377	0.033694
56.010716	-69.943065	0.033694
55.952547	-70.044702	0.033694
55.907856	-70.121473	0.033694
55.849166	-70.222815	0.033694
55.834030	-70.249034	0.033694
55.819722	-70.273429	0.033694
55.745112	-70.400545	0.033694
55.656819	-70.553223	0.033694
55.641420	-70.578482	0.033694
54.922763	-71.824601	0.033894
54.893122	-71.875924	0.033894
54.878550	-71.900153	0.033894
54.864141	-71.926796	0.033894
54.849351	-71.951735	0.033894
54.789092	-72.052974	0.033894
54.700364	-72.204739	0.033894
54.596013	-72.382439	0.033894
53.373956	-74.514020	0.033894
53.358255	-74.539908	0.033894
53.343854	-74.565074	0.033894
53.328766	-74.591322	0.033894
52.876474	-75.348046	0.033894
52.861142	-75.372667	0.033894
52.830882	-75.422790	0.033894
52.816074	-75.449201	0.033894
52.801018	-75.473984	0.033894
52.785815	-75.500163	0.033894
0
0
