QVEPB 5.0

MM
133.729957657677	104.223834443240	3.053589887421
0.999892068382	0.014691888457	0.000000000000
-0.014691888457	0.999892068382	0.000000000000
0.000000000000	0.000000000000	1.000000000000
220
-49.774803	-80.803624	0.086394
-49.802282	-80.751629	0.086394
-49.815318	-80.725661	0.086394
-49.830061	-80.699810	0.086394
-49.995456	-80.386996	0.086394
-50.007942	-80.360706	0.086394
-50.105301	-80.178400	0.086394
-50.275386	-79.863696	0.086394
-50.289561	-79.838868	0.086394
-50.462012	-79.528868	0.086394
-50.562205	-79.349879	0.086394
-50.577349	-79.323249	0.086394
-52.049001	-76.841576	0.086494
-52.238978	-76.509720	0.086494
-52.253782	-76.484796	0.086494
-52.268197	-76.458730	0.086494
-52.283516	-76.433209	0.086494
-52.296753	-76.407341	0.086494
-52.370227	-76.279670	0.086494
-52.662354	-75.768826	0.086494
-53.355857	-74.583358	0.086694
-53.400780	-74.507975	0.086694
-53.416013	-74.483288	0.086694
-53.430867	-74.458382	0.086694
-53.905177	-73.678274	0.086694
-53.936601	-73.628581	0.086694
-53.982595	-73.552361	0.086694
-53.997641	-73.527565	0.086694
-54.011995	-73.502369	0.086694
-55.264583	-71.290379	0.086794
-55.279400	-71.265457	0.086794
-55.441820	-70.986527	0.086794
-55.546091	-70.808269	0.086794
-55.560156	-70.782903	0.086794
-55.590547	-70.732616	0.086794
-55.782549	-70.401463	0.086794
-55.812359	-70.350832	0.086794
-55.826789	-70.325681	0.086794
-55.856910	-70.275235	0.086794
-57.283158	-67.829899	0.086294
-57.297957	-67.804956	0.086294
-57.312390	-67.779805	0.086294
-57.326788	-67.754634	0.086294
-57.427982	-67.574894	0.086294
-57.442669	-67.549887	0.086294
-57.487281	-67.472865	0.086294
-57.545160	-67.370026	0.086294
-57.559104	-67.344596	0.086294
-57.573721	-67.319550	0.086294
-57.602263	-67.269063	0.086294
-57.617807	-67.242228	0.086294
-57.733286	-67.038709	0.086294
-57.748374	-67.012474	0.086294
-59.476882	-64.027929	0.086494
-59.528973	-63.923165	0.086494
-59.598631	-63.794198	0.086494
-61.292329	-60.683198	0.086694
-61.419635	-60.484636	0.086694
-61.749807	-59.963092	0.086694
-62.851016	-58.207055	0.086494
-62.865082	-58.181690	0.086494
-62.880894	-58.156465	0.086494
-62.924345	-58.080219	0.086494
-63.217672	-57.571423	0.086494
-63.334346	-57.366822	0.086494
-63.349939	-57.341468	0.086494
-63.363767	-57.315963	0.086494
-63.379225	-57.290529	0.086494
-63.393969	-57.265563	0.086494
-64.694501	-55.023425	0.086594
-64.857102	-54.540387	0.086594
-65.396505	-53.811875	0.086494
-65.410252	-53.786342	0.086494
-65.426328	-53.760642	0.086494
-65.531455	-53.584762	0.086494
-65.546688	-53.558594	0.086494
-65.713269	-53.281871	0.086494
-65.742915	-53.230539	0.086494
-65.757969	-53.205730	0.086494
-65.773440	-53.179695	0.086494
-65.863519	-53.028627	0.086494
-65.894309	-52.977930	0.086494
-66.569189	-51.616051	0.086594
-66.961593	-50.993142	0.086594
-66.974073	-50.966889	0.086594
-68.670344	-48.170847	0.086494
-68.699052	-48.120455	0.086494
-68.714226	-48.094860	0.086494
-68.801936	-47.942272	0.086494
-68.845653	-47.866190	0.086494
-68.919749	-47.738352	0.086494
-68.993067	-47.610939	0.086494
-69.139009	-47.355415	0.086494
-69.153768	-47.330454	0.086494
-69.168331	-47.305380	0.086494
-69.197862	-47.253133	0.086494
-69.226855	-47.202906	0.086494
-69.286972	-47.100483	0.086494
-70.121546	-45.657758	0.086594
-70.136693	-45.632151	0.086594
-70.150626	-45.606712	0.086594
-70.209270	-45.504310	0.086594
-70.239256	-45.453195	0.086594
-70.268658	-45.402335	0.086594
-70.505149	-44.996150	0.086594
-70.519540	-44.970975	0.086594
-70.608002	-44.817951	0.086594
-70.622256	-44.792698	0.086594
-70.667362	-44.715960	0.086594
-72.097669	-42.260421	0.086494
-72.112081	-42.235259	0.086494
-72.126912	-42.209463	0.086494
-72.289272	-41.929360	0.086494
-72.421888	-41.700504	0.086494
-72.436072	-41.675208	0.086494
-75.021362	-37.204958	0.086494
-75.034627	-37.179116	0.086494
-75.122846	-37.025046	0.086494
-75.138773	-36.999890	0.086494
-75.152206	-36.974148	0.086494
-75.166838	-36.948223	0.086494
-75.211408	-36.872637	0.086494
-75.226283	-36.846856	0.086494
-75.240363	-36.821498	0.086494
-75.255361	-36.795790	0.086494
-75.269239	-36.770312	0.086494
-75.298354	-36.719268	0.086494
-75.312944	-36.694212	0.086494
-75.328228	-36.668674	0.086494
-75.356880	-36.617356	0.086494
-75.415871	-36.515719	0.086494
-75.429413	-36.490042	0.086494
-75.458492	-36.438977	0.086494
-75.488334	-36.388365	0.086494
-75.503499	-36.361299	0.086494
-75.532317	-36.310078	0.086494
-75.547464	-36.285354	0.086494
-75.561395	-36.259013	0.086494
-75.576377	-36.234190	0.086494
-77.415084	-33.070486	0.086494
-77.430337	-33.044934	0.086494
-79.995992	-28.600413	0.086494
-80.010564	-28.575337	0.086494
-80.025520	-28.550472	0.086494
-80.068554	-28.474242	0.086494
-80.082675	-28.447458	0.086494
-80.126667	-28.370923	0.086494
-80.141188	-28.345819	0.086494
-80.155891	-28.319357	0.086494
-80.184148	-28.268714	0.086494
-80.285240	-28.089135	0.086494
-80.299341	-28.063799	0.086494
-80.314815	-28.037762	0.086494
-80.329297	-28.012636	0.086494
-80.343082	-27.986500	0.086494
-80.372090	-27.936273	0.086494
-80.387256	-27.910066	0.086494
-80.415642	-27.859495	0.086494
-80.430075	-27.832884	0.086494
-80.444057	-27.807482	0.086494
-80.488101	-27.730975	0.086494
-80.502171	-27.704997	0.086494
-82.359879	-24.505072	0.086494
-82.389107	-24.454977	0.086494
-82.461247	-24.326888	0.086494
-82.476097	-24.300518	0.086494
-82.694647	-23.917468	0.086494
-82.752541	-23.814638	0.086494
-82.781643	-23.764470	0.086494
-82.796166	-23.739371	0.086494
-82.826091	-23.687354	0.086494
-85.555840	-18.950056	0.086394
-85.614754	-18.848384	0.086394
-85.732469	-18.644400	0.086394
-85.746449	-18.618985	0.086394
-85.894381	-18.364610	0.086394
-85.908496	-18.338390	0.086394
-86.012035	-18.161163	0.086394
-86.040815	-18.109357	0.086394
-86.085387	-18.032887	0.086394
-86.114889	-17.982077	0.086394
-87.148431	-16.227333	0.086494
-87.235041	-16.072657	0.086494
-87.264099	-16.021604	0.086494
-87.277701	-15.995978	0.086494
-87.292874	-15.969792	0.086494
-87.307715	-15.944874	0.086494
-87.322004	-15.919641	0.086494
-87.335159	-15.893760	0.086494
-87.423116	-15.738991	0.086494
-87.566643	-15.483246	0.086494
-87.595134	-15.431868	0.086494
-87.610382	-15.405725	0.086494
-90.642379	-10.158508	0.086794
-90.730995	-10.006434	0.086794
-90.759746	-9.956066	0.086794
-90.892360	-9.726619	0.086794
-91.024200	-9.496731	0.086794
-91.054253	-9.445648	0.086794
-91.127061	-9.317941	0.086794
-91.141431	-9.292754	0.086794
-91.156215	-9.267803	0.086794
-91.171088	-9.242903	0.086794
-91.185679	-9.215524	0.086794
-92.021356	-7.645174	0.086494
-93.945738	-4.407930	0.086694
-94.046507	-4.229027	0.086694
-94.061103	-4.202497	0.086694
-94.076470	-4.176370	0.086694
-94.090363	-4.151722	0.086694
-94.134309	-4.074465	0.086694
-94.249236	-3.868802	0.086694
-94.262390	-3.843768	0.086694
-94.277456	-3.817484	0.086694
-94.291982	-3.793167	0.086694
-94.561683	-3.337204	0.086494
-94.575723	-3.310984	0.086494
-94.913320	-2.656640	0.086494
-94.926558	-2.630816	0.086494
-94.940763	-2.605537	0.086494
0
0
