QVEPB 5.0

MM
133.729957657677	104.223834443240	3.053589887421
0.999892068382	0.014691888457	0.000000000000
-0.014691888457	0.999892068382	0.000000000000
0.000000000000	0.000000000000	1.000000000000
277
94.159477	-2.793128	0.116494
94.145125	-2.818971	0.116494
94.129666	-2.843520	0.116494
94.072322	-2.946456	0.116494
94.041962	-2.997360	0.116494
93.998399	-3.073291	0.116494
93.969374	-3.124139	0.116494
93.954537	-3.150532	0.116494
93.926357	-3.201870	0.116494
93.867913	-3.304168	0.116494
93.809043	-3.406219	0.116494
93.760962	-3.490338	0.116494
93.730949	-3.540882	0.116494
93.671090	-3.643560	0.116494
93.625799	-3.719660	0.116494
93.580557	-3.794877	0.116494
93.565863	-3.819891	0.116494
93.551127	-3.845791	0.116494
91.915635	-6.674703	0.116294
91.899781	-6.700494	0.116294
91.885680	-6.725846	0.116294
91.871312	-6.751039	0.116294
91.782511	-6.903619	0.116294
91.679051	-7.082702	0.116294
91.561389	-7.285594	0.116294
91.517574	-7.362233	0.116294
90.840008	-8.545513	0.116394
90.781443	-8.646927	0.116394
90.663744	-8.851726	0.116394
90.633877	-8.902103	0.116394
90.590752	-8.977470	0.116394
90.576103	-9.003965	0.116394
90.531596	-9.080841	0.116394
90.517519	-9.105368	0.116394
90.488355	-9.156143	0.116394
90.398857	-9.309623	0.116394
89.943399	-10.094636	0.116494
89.929083	-10.119830	0.116494
89.825107	-10.298321	0.116494
89.766464	-10.399702	0.116494
89.513773	-10.831160	0.116494
89.498289	-10.857187	0.116494
89.097211	-11.553092	0.116494
89.082535	-11.578749	0.116494
89.037629	-11.654731	0.116494
88.890769	-11.908972	0.116494
88.846070	-11.985729	0.116494
88.831894	-12.011021	0.116494
88.801995	-12.061363	0.116494
88.683691	-12.265967	0.116494
88.654391	-12.315174	0.116494
88.640364	-12.342035	0.116494
88.050505	-13.370055	0.116494
88.022016	-13.420564	0.116494
88.006595	-13.446618	0.116494
87.608979	-14.133720	0.116494
87.594632	-14.158915	0.116494
86.540524	-15.979610	0.116594
86.525652	-16.005978	0.116594
86.511495	-16.030460	0.116594
86.437950	-16.158184	0.116594
86.334050	-16.336009	0.116594
86.275722	-16.437558	0.116594
86.245897	-16.488767	0.116594
86.202753	-16.565606	0.116594
86.173219	-16.616172	0.116594
86.157694	-16.642172	0.116594
86.114184	-16.718130	0.116594
85.391291	-17.969205	0.116494
85.200798	-18.300818	0.116494
84.908100	-18.810544	0.116494
84.820384	-18.963547	0.116494
84.776658	-19.039384	0.116494
84.353447	-19.775732	0.116494
84.337712	-19.801607	0.116494
84.307732	-19.852731	0.116494
84.278872	-19.903675	0.116494
84.264933	-19.929100	0.116494
84.205055	-20.030571	0.116494
84.191498	-20.055392	0.116494
84.175562	-20.081152	0.116494
84.161749	-20.106649	0.116494
84.145770	-20.132384	0.116494
84.013578	-20.360792	0.116494
83.998898	-20.387274	0.116494
83.909757	-20.539458	0.116494
83.836848	-20.666876	0.116494
83.777525	-20.768667	0.116494
83.763263	-20.793082	0.116494
82.867507	-22.345959	0.116494
82.837403	-22.397686	0.116494
82.587648	-22.829366	0.116494
82.572772	-22.855732	0.116494
82.557840	-22.879777	0.116494
82.528237	-22.930304	0.116494
82.484340	-23.007526	0.116494
82.322268	-23.286989	0.116494
81.904514	-24.015491	0.116494
81.611018	-24.524481	0.116494
81.566817	-24.601531	0.116494
81.479064	-24.753708	0.116494
81.360322	-24.957919	0.116494
81.286717	-25.085609	0.116494
80.170993	-27.017289	0.116394
80.127265	-27.093125	0.116394
80.097353	-27.144289	0.116394
80.023742	-27.271305	0.116394
79.980195	-27.348728	0.116394
79.936487	-27.424575	0.116394
79.877146	-27.526353	0.116394
79.833842	-27.603264	0.116394
79.789547	-27.680254	0.116394
79.775416	-27.705572	0.116394
79.159845	-28.771653	0.116394
79.100049	-28.874660	0.116394
79.040538	-28.975534	0.116394
79.026505	-29.000898	0.116394
78.878807	-29.255991	0.116394
78.848891	-29.306337	0.116394
78.819503	-29.356982	0.116394
78.374842	-30.127322	0.116494
78.256490	-30.330946	0.116494
78.065780	-30.661482	0.116494
78.051222	-30.688027	0.116494
77.976621	-30.815155	0.116494
77.962935	-30.839903	0.116494
77.918026	-30.916554	0.116494
77.903355	-30.942229	0.116494
77.873490	-30.993415	0.116494
77.830376	-31.068789	0.116494
77.814989	-31.094867	0.116494
77.176744	-32.204952	0.116494
77.089434	-32.358187	0.116494
77.074301	-32.384408	0.116494
76.927082	-32.638287	0.116494
76.617937	-33.173325	0.116494
76.603284	-33.198337	0.116494
75.568723	-34.984836	0.116494
75.539321	-35.036965	0.116494
75.420579	-35.240405	0.116494
75.273560	-35.494323	0.116494
75.171420	-35.672357	0.116494
75.097341	-35.800482	0.116494
75.053996	-35.876529	0.116494
74.149418	-37.441756	0.116494
74.120397	-37.493438	0.116494
74.076629	-37.569250	0.116494
74.062525	-37.594586	0.116494
73.901336	-37.875518	0.116494
73.886381	-37.901010	0.116494
73.783958	-38.079830	0.116494
73.740344	-38.155732	0.116494
73.726496	-38.181217	0.116494
73.004306	-39.432606	0.116494
72.782806	-39.813499	0.116494
72.768012	-39.839921	0.116494
72.547177	-40.222064	0.116494
72.020925	-41.136364	0.116494
72.006872	-41.162384	0.116494
71.992511	-41.187565	0.116494
71.962529	-41.237867	0.116494
71.903787	-41.339991	0.116494
71.772002	-41.570117	0.116494
71.699548	-41.697794	0.116494
71.670957	-41.748893	0.116494
71.597191	-41.877301	0.116494
70.742797	-43.356018	0.116494
70.478440	-43.814216	0.116494
70.405304	-43.942170	0.116494
70.301930	-44.120292	0.116494
70.286102	-44.146121	0.116494
70.273129	-44.171272	0.116494
70.257144	-44.197012	0.116494
69.751788	-45.078017	0.116494
69.692683	-45.179124	0.116494
69.647662	-45.255708	0.116494
69.618298	-45.306369	0.116494
69.500947	-45.509880	0.116494
69.220557	-45.993109	0.116494
69.131998	-46.145637	0.116494
68.322932	-47.561035	0.116594
68.293370	-47.611571	0.116594
68.263015	-47.662478	0.116594
68.055869	-48.017950	0.116594
67.996081	-48.119469	0.116594
67.922704	-48.246621	0.116594
67.833067	-48.398509	0.116594
66.952628	-49.933749	0.116594
66.937918	-49.958728	0.116594
66.892841	-50.035279	0.116594
66.833868	-50.136459	0.116594
66.744931	-50.288769	0.116594
66.566501	-50.593745	0.116594
66.536822	-50.644226	0.116594
66.523272	-50.669863	0.116594
66.507915	-50.695957	0.116594
66.478339	-50.746496	0.116594
65.471630	-52.451334	0.116494
65.275863	-52.780555	0.116494
65.261006	-52.805452	0.116494
64.824128	-53.538140	0.116494
63.856258	-55.288385	0.116394
63.841163	-55.313145	0.116394
63.723681	-55.518230	0.116394
63.695275	-55.567955	0.116394
63.504306	-55.900130	0.116394
63.445675	-56.002320	0.116394
63.342664	-56.179966	0.116394
62.040079	-58.433576	0.116694
62.009863	-58.483755	0.116694
61.980614	-58.535291	0.116694
61.846535	-58.764797	0.116694
61.832837	-58.789539	0.116694
61.817804	-58.815816	0.116694
61.670450	-59.068820	0.116694
61.595803	-59.195920	0.116694
61.521773	-59.323369	0.116694
61.507654	-59.349354	0.116694
60.713499	-60.735857	0.116594
60.698143	-60.761141	0.116594
60.669260	-60.812885	0.116594
60.477691	-61.143735	0.116594
60.403061	-61.270840	0.116594
60.389562	-61.295694	0.116594
60.373667	-61.321483	0.116594
60.227341	-61.575875	0.116594
58.792874	-64.058351	0.116594
58.777904	-64.082370	0.116594
58.645224	-64.311989	0.116594
58.630629	-64.338516	0.116594
58.497198	-64.566897	0.116594
56.257555	-68.451122	0.116394
56.168030	-68.604589	0.116394
56.110485	-68.706579	0.116394
56.095292	-68.731284	0.116394
56.051316	-68.807654	0.116394
56.006230	-68.884204	0.116394
55.933078	-69.012150	0.116394
54.633656	-71.495713	0.116494
54.242792	-72.017493	0.116494
54.101151	-72.207193	0.116494
52.904797	-74.256232	0.116494
52.874666	-74.307268	0.116494
52.786761	-74.459359	0.116494
52.742710	-74.536493	0.116494
52.683906	-74.637774	0.116494
52.638539	-74.714166	0.116494
52.580304	-74.815767	0.116494
52.505929	-74.943022	0.116494
52.492361	-74.968644	0.116494
52.462020	-75.020237	0.116494
52.417670	-75.095720	0.116494
52.374289	-75.172425	0.116494
52.344853	-75.223047	0.116494
51.887561	-76.024870	0.116494
51.794426	-76.174048	0.116494
51.779363	-76.200310	0.116494
51.764096	-76.224969	0.116494
51.748299	-76.249317	0.116494
51.717211	-76.298951	0.116494
51.702495	-76.325416	0.116494
50.062476	-79.166018	0.116494
50.032750	-79.216469	0.116494
50.003285	-79.267885	0.116494
49.975069	-79.319198	0.116494
49.887178	-79.472103	0.116494
49.873483	-79.496845	0.116494
49.843698	-79.549561	0.116494
49.668887	-79.855108	0.116494
49.639449	-79.906540	0.116494
49.634076	-79.918026	0.116494
49.603142	-79.969345	0.116494
49.589209	-79.995445	0.116494
49.529622	-80.097058	0.116494
49.484295	-80.171982	0.116494
49.469661	-80.197705	0.116494
49.410088	-80.299326	0.116494
0
0
