QVEPB 5.0

MM
132.847876084999	103.808610989706	3.171128169759
0.999899329838	0.014189086963	0.000000000000
-0.014189086963	0.999899329838	0.000000000000
0.000000000000	0.000000000000	1.000000000000
299
-43.971607	83.442881	-0.094828
-43.826030	83.444443	-0.094828
-43.777458	83.443985	-0.094828
-43.680439	83.444349	-0.094828
-43.534808	83.446108	-0.094828
-43.437775	83.444952	-0.094828
-43.195114	83.445867	-0.094828
-43.146544	83.445561	-0.094828
-43.049486	83.447925	-0.094828
-40.557618	83.450317	-0.137028
-40.460543	83.449401	-0.137028
-40.412029	83.450113	-0.137028
-40.023779	83.449602	-0.137028
-39.755460	83.451422	-0.136528
-39.706904	83.452136	-0.136528
-39.658387	83.451593	-0.136528
-39.561316	83.452198	-0.136528
-39.512804	83.453301	-0.136528
-39.464247	83.453681	-0.136528
-39.415726	83.451744	-0.136528
-39.367172	83.453102	-0.136528
-39.270144	83.453786	-0.136528
-39.221583	83.452922	-0.136528
-39.027481	83.453124	-0.136528
-38.833340	83.454979	-0.136528
-38.784821	83.453840	-0.136528
-38.590675	83.453937	-0.136528
-38.493608	83.455736	-0.136528
-38.445092	83.455438	-0.136528
-38.396532	83.454950	-0.136528
-36.944858	83.453088	-0.136428
-36.896330	83.453617	-0.136428
-36.847817	83.452360	-0.136428
-36.799292	83.452541	-0.136428
-36.702246	83.452350	-0.136428
-36.653714	83.453171	-0.136428
-36.605210	83.451015	-0.136428
-36.556684	83.451226	-0.136428
-36.411102	83.450944	-0.136428
-36.362577	83.451171	-0.136428
-36.314041	83.452397	-0.136428
-36.216998	83.451916	-0.136428
-36.119965	83.450314	-0.136428
-36.071427	83.450489	-0.136428
-36.022913	83.449383	-0.136428
-35.925853	83.450679	-0.136428
-35.877329	83.450688	-0.136428
-35.780296	83.449080	-0.136428
-34.138346	83.452387	-0.136428
-34.089824	83.450852	-0.136428
-34.041316	83.451864	-0.136428
-33.992747	83.450751	-0.136428
-33.944245	83.452697	-0.136428
-33.895674	83.451166	-0.136428
-33.847167	83.452274	-0.136428
-33.750099	83.453702	-0.136428
-33.604509	83.453595	-0.136428
-33.313335	83.454231	-0.136428
-33.264765	83.453063	-0.136428
-33.216254	83.453425	-0.136428
-33.167692	83.453623	-0.136428
-33.119187	83.454916	-0.136428
-33.070667	83.453745	-0.136428
-33.022110	83.454829	-0.136428
-32.973595	83.454496	-0.136428
-32.925030	83.454017	-0.136428
-32.828001	83.453702	-0.136428
-32.303630	83.454206	-0.136428
-32.206553	83.453834	-0.136428
-32.158044	83.454782	-0.136428
-32.109482	83.454818	-0.136428
-32.012405	83.454284	-0.136428
-31.963891	83.454301	-0.136428
-31.915383	83.455422	-0.136428
-31.866817	83.454638	-0.136428
-31.769742	83.454526	-0.136428
-31.721226	83.454210	-0.136428
-31.624153	83.454536	-0.136428
-31.575638	83.454349	-0.136428
-31.430049	83.454368	-0.136428
-31.381493	83.455338	-0.136428
-31.332973	83.454247	-0.136428
-31.284418	83.455437	-0.136428
-31.235903	83.455172	-0.136428
-31.090309	83.454143	-0.136428
-31.041747	83.454085	-0.136428
-30.944722	83.454673	-0.136428
-28.655271	83.451516	-0.136328
-28.606719	83.453374	-0.136328
-28.461125	83.452441	-0.136328
-28.364040	83.450541	-0.136328
-28.315528	83.450809	-0.136328
-28.169940	83.450996	-0.136328
-28.121378	83.450921	-0.136328
-28.072867	83.451528	-0.136328
-28.024350	83.450782	-0.136328
-27.781676	83.448839	-0.136328
-27.684610	83.450715	-0.136328
-27.636041	83.449105	-0.136328
-27.587530	83.449653	-0.136328
-27.539019	83.450334	-0.136328
-27.490448	83.448427	-0.136328
-27.441932	83.447931	-0.136328
-27.344863	83.449052	-0.136328
-26.338260	83.451056	-0.136328
-26.241079	83.451257	-0.136328
-26.192578	83.451281	-0.136328
-26.046806	83.451544	-0.136328
-25.901094	83.450467	-0.136328
-25.852607	83.451074	-0.136328
-25.755420	83.451007	-0.136328
-25.706827	83.451001	-0.136328
-25.609756	83.451990	-0.136328
-25.015256	83.451893	-0.136328
-24.966682	83.450963	-0.136328
-24.918176	83.451678	-0.136328
-24.869663	83.451607	-0.136328
-24.821095	83.451327	-0.136328
-24.772581	83.451121	-0.136328
-24.724025	83.452323	-0.136328
-24.675518	83.452989	-0.136328
-24.627002	83.452421	-0.136328
-24.529927	83.452861	-0.136328
-24.481344	83.450801	-0.136328
-24.432841	83.451882	-0.136328
-24.335756	83.451018	-0.136328
-24.287256	83.452445	-0.136328
-24.093098	83.452253	-0.136328
-23.058261	83.452748	-0.136228
-23.009743	83.451988	-0.136228
-22.961226	83.451352	-0.136228
-22.864153	83.451761	-0.136228
-22.815590	83.451641	-0.136228
-22.767079	83.452090	-0.136228
-22.524405	83.450358	-0.136228
-22.427336	83.451609	-0.136228
-22.281742	83.450743	-0.136228
-22.233234	83.451653	-0.136228
-22.184670	83.451400	-0.136228
-22.136153	83.450766	-0.136228
-22.087593	83.450999	-0.136228
-22.039072	83.449625	-0.136228
-21.990567	83.451264	-0.136228
-20.324808	83.450409	-0.136328
-20.276280	83.450470	-0.136328
-20.227758	83.450030	-0.136328
-20.179241	83.449359	-0.136328
-20.033676	83.448074	-0.136328
-19.985152	83.447862	-0.136328
-19.936598	83.449680	-0.136328
-19.888070	83.449695	-0.136328
-19.839560	83.448470	-0.136328
-19.791038	83.448066	-0.136328
-19.693995	83.447243	-0.136328
-19.645455	83.448074	-0.136328
-19.499870	83.448251	-0.136328
-19.208722	83.447009	-0.136328
-17.801012	83.452030	-0.098428
-17.655415	83.451108	-0.098428
-17.606893	83.449940	-0.098428
-17.509818	83.450336	-0.098428
-17.412742	83.450654	-0.098428
-17.364235	83.451102	-0.098428
-17.315662	83.450462	-0.098428
-17.267157	83.451159	-0.098428
-17.218581	83.450192	-0.098428
-16.830304	83.447918	-0.098428
-16.733233	83.448818	-0.098428
-15.559222	83.451346	-0.098928
-15.510656	83.450933	-0.098928
-15.462148	83.451801	-0.098928
-15.413578	83.450734	-0.098928
-15.316549	83.450302	-0.098928
-15.267985	83.450101	-0.098928
-15.219473	83.450254	-0.098928
-15.122385	83.448461	-0.098928
-15.025305	83.447942	-0.098928
-14.976800	83.449180	-0.098928
-14.928231	83.448227	-0.098928
-14.879717	83.448109	-0.098928
-14.734121	83.447074	-0.098928
-14.685562	83.447677	-0.098928
-14.637041	83.446442	-0.098928
-14.588532	83.447078	-0.098928
-12.263015	83.447341	-0.099128
-12.214450	83.446081	-0.099128
-12.165941	83.447382	-0.099128
-12.117382	83.447602	-0.099128
-12.068866	83.447105	-0.099128
-12.020351	83.447082	-0.099128
-11.923277	83.447224	-0.099128
-11.826207	83.448188	-0.099128
-11.680621	83.448867	-0.099128
-11.583542	83.447483	-0.099128
-11.535032	83.448776	-0.099128
-11.486469	83.447832	-0.099128
-11.437956	83.448149	-0.099128
-11.389394	83.447700	-0.099128
-11.340882	83.448259	-0.099128
-11.292365	83.447679	-0.099128
-11.243803	83.447134	-0.099128
-11.195294	83.448474	-0.099128
-11.146736	83.448818	-0.099128
-8.957600	83.449236	-0.098628
-8.860576	83.449588	-0.098628
-8.812005	83.448463	-0.098628
-8.714938	83.449829	-0.098628
-8.617903	83.448509	-0.098628
-8.569343	83.448948	-0.098628
-8.520827	83.448466	-0.098628
-8.472262	83.448375	-0.098628
-8.423750	83.448463	-0.098628
-8.375245	83.449678	-0.098628
-8.326680	83.449499	-0.098628
-8.278172	83.450195	-0.098628
-8.229608	83.450123	-0.098628
-8.132574	83.448935	-0.098628
-8.084010	83.448833	-0.098628
-7.986936	83.449243	-0.098628
-7.938420	83.448729	-0.098628
-7.889913	83.449628	-0.098628
-6.930643	83.445295	-0.098828
-6.882131	83.445486	-0.098828
-6.833622	83.446219	-0.098828
-6.785064	83.446895	-0.098828
-6.639467	83.445657	-0.098828
-6.299726	83.445640	-0.098828
-6.105621	83.445256	-0.098828
-5.959975	83.443970	-0.098828
-5.911464	83.444331	-0.098828
-5.862957	83.445409	-0.098828
-4.994450	83.446353	-0.098928
-4.897364	83.445187	-0.098928
-4.848853	83.445427	-0.098928
-4.751774	83.445266	-0.098928
-4.654710	83.447081	-0.098928
-4.557626	83.446230	-0.098928
-4.509111	83.445852	-0.098928
-4.314958	83.446104	-0.098928
-4.217942	83.447132	-0.098928
-4.120854	83.445852	-0.098928
-4.072301	83.447441	-0.098928
-3.975269	83.446435	-0.098928
-3.926708	83.446994	-0.098928
-3.295025	83.441385	-0.098928
-3.197945	83.440227	-0.098928
-3.100874	83.441057	-0.098928
-3.052368	83.442904	-0.098928
-2.567053	83.445493	-0.098928
-2.469984	83.446663	-0.098928
-2.324395	83.446746	-0.098928
-2.275886	83.447903	-0.098928
2.903007	83.448748	-0.069928
3.000072	83.449191	-0.069928
3.048593	83.448907	-0.069928
3.388247	83.446049	-0.069928
3.436760	83.444896	-0.069928
3.485284	83.444867	-0.069928
3.630858	83.445117	-0.069928
4.116099	83.442580	-0.069928
5.762809	83.459379	-0.070528
5.811324	83.459168	-0.070528
6.053976	83.461384	-0.070528
6.102543	83.460572	-0.070528
6.442230	83.461462	-0.070528
6.587865	83.462094	-0.070528
9.947591	83.433909	-0.070628
9.996109	83.433124	-0.070628
10.044665	83.432897	-0.070628
10.093180	83.433445	-0.070628
10.384398	83.432083	-0.070628
10.432917	83.430586	-0.070628
10.529988	83.431052	-0.070628
10.675576	83.430551	-0.070628
10.724093	83.430065	-0.070628
10.821168	83.428515	-0.070628
18.207989	83.434037	-0.081928
18.305035	83.431069	-0.081928
18.936099	83.418232	-0.081928
19.033146	83.415153	-0.081928
19.081716	83.414355	-0.081928
22.619657	83.444024	-0.081928
23.590288	83.449087	-0.081928
23.638850	83.449455	-0.081928
26.818461	83.404608	-0.081928
26.867015	83.406078	-0.081928
26.915513	83.408621	-0.081928
27.594910	83.422834	-0.081928
28.417624	83.432472	-0.081928
28.902949	83.431318	-0.081928
28.951509	83.429957	-0.081928
29.048540	83.429972	-0.081928
29.388273	83.430385	-0.081928
29.485350	83.428391	-0.081928
32.946120	83.435444	-0.081928
33.043142	83.439747	-0.081928
33.285827	83.428858	-0.081928
36.888231	83.420224	-0.082028
43.949591	83.384302	-0.081828
0
0
