QVEPB 5.0

MM
132.686533527995	104.264989452132	3.137889887421
0.999726513176	0.023385868651	0.000000000000
-0.023385868651	0.999726513176	0.000000000000
0.000000000000	0.000000000000	1.000000000000
11
92.840062	5.230276	0.140100
92.738759	5.375227	0.140100
92.753743	5.368421	0.140100
92.759807	5.372619	0.140100
92.762196	5.366324	0.140100
92.771220	5.366495	0.140100
92.782922	5.361271	0.140100
92.804179	5.352632	0.140100
92.814954	5.344757	0.140100
92.827988	5.331375	0.140100
92.846931	5.274205	0.140100
0
0
