QVEPB 5.0

MM
132.686533527995	104.264989452132	3.137889887421
0.999726513176	0.023385868651	0.000000000000
-0.023385868651	0.999726513176	0.000000000000
0.000000000000	0.000000000000	1.000000000000
19
40.748040	-83.018110	-0.073906
39.865981	-82.946796	-0.073906
39.807178	-82.940928	-0.073906
2.813957	-82.946886	-0.144506
2.755160	-82.945835	-0.144506
1.873064	-82.936544	-0.144506
-0.502112	-82.949798	-0.001706
-0.678661	-82.941522	-0.001706
-1.267236	-82.915918	-0.001706
-6.853329	-82.947598	-0.118006
-7.206366	-82.949580	-0.118006
-7.324054	-82.950877	-0.118006
-7.353499	-82.950402	-0.118006
-7.559453	-82.951625	-0.118006
-7.735967	-82.953022	-0.118006
-15.443893	-82.944713	-0.030906
-15.590890	-82.957278	-0.030906
-16.178922	-83.007629	-0.030906
-26.517437	-82.938381	-0.091806
0
0
