QVEPB 5.0

MM
133.662389839795	104.245518976795	3.122989887421
0.999881754626	0.015377801050	0.000000000000
-0.015377801050	0.999881754626	0.000000000000
0.000000000000	0.000000000000	1.000000000000
20
92.832226	5.215425	0.140000
92.830238	5.211033	0.140000
92.829221	5.205836	0.140000
92.704520	5.375939	0.140000
92.708730	5.374830	0.140000
92.712856	5.374424	0.140000
92.716928	5.372046	0.140000
92.720891	5.370669	0.140000
92.724797	5.369668	0.140000
92.728627	5.368566	0.140000
92.731560	5.367420	0.140000
92.746642	5.362802	0.140000
92.757834	5.360460	0.140000
92.765226	5.358701	0.140000
92.775824	5.353585	0.140000
92.779378	5.351544	0.140000
92.784030	5.344792	0.140000
92.792242	5.336682	0.140000
92.837720	5.278944	0.140000
92.837894	5.266590	0.140000
0
0
