QVEPB 5.0

MM
133.662389839795	104.245518976795	3.122989887421
0.999881754626	0.015377801050	0.000000000000
-0.015377801050	0.999881754626	0.000000000000
0.000000000000	0.000000000000	1.000000000000
308
95.001705	-2.478110	0.033794
94.972263	-2.528725	0.033794
94.941906	-2.581116	0.033794
94.839901	-2.758524	0.033794
94.824148	-2.784392	0.033794
94.809801	-2.808764	0.033794
94.720773	-2.962505	0.033794
94.662997	-3.064364	0.033794
94.647717	-3.089019	0.033794
94.633672	-3.115046	0.033794
94.618348	-3.139675	0.033794
94.574331	-3.216828	0.033794
94.558253	-3.242511	0.033794
94.544329	-3.267123	0.033794
94.529468	-3.293499	0.033794
94.515622	-3.318156	0.033794
93.664445	-4.513531	0.033894
93.640922	-4.534131	0.033894
93.630362	-4.697238	0.033894
92.691806	-6.485319	0.033894
92.662101	-6.536600	0.033894
92.632385	-6.587053	0.033894
92.618032	-6.612239	0.033894
92.602790	-6.637575	0.033894
92.559847	-6.713862	0.033894
92.529015	-6.764495	0.033894
92.514583	-6.791119	0.033894
92.500547	-6.815665	0.033894
92.485449	-6.841906	0.033894
92.470328	-6.866651	0.033894
92.441135	-6.917404	0.033894
92.410492	-6.968147	0.033894
92.336507	-7.095607	0.033894
92.263455	-7.222942	0.033894
92.217875	-7.299196	0.033894
92.189338	-7.350326	0.033894
92.174420	-7.375187	0.033894
92.034436	-7.614658	0.033894
92.004169	-7.665615	0.033894
91.901794	-7.843631	0.033894
91.871600	-7.894631	0.033894
91.842278	-7.945308	0.033894
91.767783	-8.071811	0.033894
91.752520	-8.097957	0.033894
91.737855	-8.122966	0.033894
91.707714	-8.173167	0.033894
91.678641	-8.224817	0.033894
91.663749	-8.249694	0.033894
91.618594	-8.326186	0.033894
91.604205	-8.351355	0.033894
91.210676	-9.032475	0.033894
91.195324	-9.058570	0.033894
91.032780	-9.337885	0.033894
91.002456	-9.387983	0.033894
90.987238	-9.414155	0.033894
90.958276	-9.465040	0.033894
90.929278	-9.515248	0.033894
90.884839	-9.592156	0.033894
90.855292	-9.642704	0.033894
90.840733	-9.667773	0.033894
90.824880	-9.693578	0.033894
90.765613	-9.795399	0.033894
90.751139	-9.819691	0.033894
90.736282	-9.846071	0.033894
90.691470	-9.921280	0.033894
90.057282	-11.013196	0.033894
90.042512	-11.038142	0.033894
90.027553	-11.062979	0.033894
90.012689	-11.089355	0.033894
89.939306	-11.215678	0.033894
89.923823	-11.241698	0.033894
89.864942	-11.343743	0.033894
89.776360	-11.496249	0.033894
89.762380	-11.521649	0.033894
89.717614	-11.598371	0.033894
89.702655	-11.622386	0.033894
89.687572	-11.648636	0.033894
89.628313	-11.750464	0.033894
89.599497	-11.801434	0.033894
89.511849	-11.953815	0.033894
89.320407	-12.284978	0.033894
89.247253	-12.412925	0.033894
89.233094	-12.437410	0.033894
89.217657	-12.463462	0.033894
89.187881	-12.513898	0.033894
89.158956	-12.564809	0.033894
89.129931	-12.615664	0.033894
89.114648	-12.641004	0.033894
89.070337	-12.717995	0.033894
89.026537	-12.794474	0.033894
88.821497	-13.150902	0.033894
88.806345	-13.177112	0.033894
88.010329	-14.551771	0.033894
87.994906	-14.576988	0.033894
87.981173	-14.602543	0.033894
87.966099	-14.628798	0.033894
87.951043	-14.653580	0.033894
87.936871	-14.678878	0.033894
87.921412	-14.704908	0.033894
87.835632	-14.857558	0.033894
87.819985	-14.883479	0.033894
87.805807	-14.908774	0.033894
87.776330	-14.960192	0.033894
87.732944	-15.036227	0.033894
87.703281	-15.087537	0.033894
87.687947	-15.113641	0.033894
87.674187	-15.138344	0.033894
87.616060	-15.241664	0.033894
87.601161	-15.266538	0.033894
87.586711	-15.292323	0.033894
87.571979	-15.317294	0.033894
86.538450	-17.116517	0.033994
86.509997	-17.166214	0.033994
86.495079	-17.192559	0.033994
86.451335	-17.268386	0.033994
86.287705	-17.548554	0.033994
86.273075	-17.573583	0.033994
86.257831	-17.599740	0.033994
86.154010	-17.776918	0.033994
86.125374	-17.827992	0.033994
85.153476	-19.519693	0.033894
85.138080	-19.545764	0.033894
85.065110	-19.672326	0.033894
85.050483	-19.698836	0.033894
84.991370	-19.799931	0.033894
84.888500	-19.979144	0.033894
84.858983	-20.029714	0.033894
84.844900	-20.055052	0.033894
84.830393	-20.080814	0.033894
84.816202	-20.106090	0.033894
84.801223	-20.131583	0.033894
84.772178	-20.183239	0.033894
84.757484	-20.207410	0.033894
84.728213	-20.258938	0.033894
84.713888	-20.284804	0.033894
84.699353	-20.309883	0.033894
84.669415	-20.360213	0.033894
84.654757	-20.386705	0.033894
84.640299	-20.411012	0.033894
83.251017	-22.816556	0.033894
83.221144	-22.867739	0.033894
83.207149	-22.892311	0.033894
83.190860	-22.917873	0.033894
83.176311	-22.942943	0.033894
83.147295	-22.993800	0.033894
83.118303	-23.044670	0.033894
83.103087	-23.070844	0.033894
83.073260	-23.121238	0.033894
82.984864	-23.273854	0.033894
82.970144	-23.300310	0.033894
82.955820	-23.324695	0.033894
82.940764	-23.350959	0.033894
82.925399	-23.375565	0.033894
82.910671	-23.401202	0.033894
82.896701	-23.426603	0.033894
82.881930	-23.452215	0.033894
82.867334	-23.477259	0.033894
82.749228	-23.680336	0.033894
82.734592	-23.706841	0.033894
81.433861	-25.965183	0.033794
81.419633	-25.990446	0.033794
81.404336	-26.016572	0.033794
81.359573	-26.091807	0.033794
81.344612	-26.118127	0.033794
81.329133	-26.142664	0.033794
81.299734	-26.193296	0.033794
81.284576	-26.219502	0.033794
81.210272	-26.345286	0.033794
81.045001	-26.623848	0.033794
81.031070	-26.649936	0.033794
81.016178	-26.674813	0.033794
81.000559	-26.699269	0.033794
80.986017	-26.725833	0.033794
79.886365	-28.623709	0.033794
79.871577	-28.650131	0.033794
79.857340	-28.674556	0.033794
79.827507	-28.725767	0.033794
79.784544	-28.802889	0.033794
79.741379	-28.879054	0.033794
79.436410	-29.416045	0.033794
79.421697	-29.442512	0.033794
79.392698	-29.494212	0.033794
77.619005	-32.546621	0.033994
77.530157	-32.699801	0.033994
77.353987	-33.005577	0.033994
77.338973	-33.030383	0.033994
77.309878	-33.082032	0.033994
77.295354	-33.107128	0.033994
77.251010	-33.183445	0.033994
77.236204	-33.209015	0.033994
77.221831	-33.234200	0.033994
77.178402	-33.311057	0.033994
73.985677	-38.863651	0.033894
73.970795	-38.890014	0.033894
73.867570	-39.067419	0.033894
73.851984	-39.093385	0.033894
73.822832	-39.144167	0.033894
73.793855	-39.195048	0.033894
73.779083	-39.219185	0.033894
73.706136	-39.347246	0.033894
73.690769	-39.373336	0.033894
73.587432	-39.550678	0.033894
73.558848	-39.601780	0.033894
73.528280	-39.652569	0.033894
73.484584	-39.729099	0.033894
70.209404	-45.402198	-0.164406
70.103860	-45.577715	-0.164406
70.088846	-45.604006	-0.164406
70.012894	-45.729655	-0.164406
68.690885	-48.022843	0.034494
68.676206	-48.048532	0.034494
68.588097	-48.201244	0.034494
68.573673	-48.225590	0.034494
68.558802	-48.251955	0.034494
68.543479	-48.277292	0.034494
68.529786	-48.303521	0.034494
68.309426	-48.685252	0.034494
67.556858	-49.975747	0.033894
67.541796	-50.000525	0.033894
67.526762	-50.025989	0.033894
67.512361	-50.051144	0.033894
67.497561	-50.077554	0.033894
67.468760	-50.128534	0.033894
67.411027	-50.230418	0.033894
67.395424	-50.256371	0.033894
67.220255	-50.561715	0.033894
67.176702	-50.639133	0.033894
67.162602	-50.664458	0.033894
67.088868	-50.792069	0.033894
67.074063	-50.816994	0.033894
67.044793	-50.869189	0.033894
67.000860	-50.944907	0.033894
65.456521	-53.621038	0.033794
65.441236	-53.646367	0.033794
65.425985	-53.672521	0.033794
65.411951	-53.697073	0.033794
65.396787	-53.723277	0.033794
65.381841	-53.748121	0.033794
65.219983	-54.029187	0.033794
65.190349	-54.079697	0.033794
65.161690	-54.130756	0.033794
65.146981	-54.154927	0.033794
65.103180	-54.232202	0.033794
65.073729	-54.282815	0.033794
65.029356	-54.359768	0.033794
65.014840	-54.385531	0.033794
64.999380	-54.410084	0.033794
64.984794	-54.435807	0.033794
60.036099	-63.023878	0.033694
59.990011	-63.099857	0.033694
59.945566	-63.176768	0.033694
59.809670	-63.403755	0.033694
59.780817	-63.454704	0.033694
59.736246	-63.529250	0.033694
59.704754	-63.580997	0.033694
59.690071	-63.605180	0.033694
59.585385	-63.782553	0.033694
59.555417	-63.832870	0.033694
59.539688	-63.858754	0.033694
59.525369	-63.883143	0.033694
59.510624	-63.909584	0.033694
56.153797	-69.718193	0.033894
56.125157	-69.769263	0.033894
56.096096	-69.820096	0.033894
56.080462	-69.846034	0.033894
56.066136	-69.870420	0.033894
56.022437	-69.947754	0.033894
55.992821	-69.998273	0.033894
55.977445	-70.024357	0.033894
55.889577	-70.176467	0.033894
55.801885	-70.328677	0.033894
55.787404	-70.355267	0.033894
55.772633	-70.380210	0.033894
55.757774	-70.405778	0.033894
55.713611	-70.482849	0.033894
55.699413	-70.507308	0.033894
55.654932	-70.584199	0.033894
55.625134	-70.634616	0.033894
54.874632	-71.931598	0.033894
54.859915	-71.958062	0.033894
54.830208	-72.009347	0.033894
54.800846	-72.060834	0.033894
54.772011	-72.110309	0.033894
54.653696	-72.314912	0.033894
54.639021	-72.339081	0.033894
54.624206	-72.365487	0.033894
54.566209	-72.466566	0.033894
54.550490	-72.492444	0.033894
54.492088	-72.595606	0.033894
54.477548	-72.619854	0.033894
54.433577	-72.696384	0.033894
53.404791	-74.499208	0.033894
53.389609	-74.523077	0.033894
53.345848	-74.601217	0.033894
53.301530	-74.676707	0.033894
53.272035	-74.728117	0.033894
53.257602	-74.753265	0.033894
53.052658	-75.110028	0.033894
53.038032	-75.135062	0.033894
53.022534	-75.161069	0.033894
53.007582	-75.185913	0.033894
52.993152	-75.212545	0.033894
52.963836	-75.261738	0.033894
52.935008	-75.313539	0.033894
52.890934	-75.390657	0.033894
52.861228	-75.440459	0.033894
52.846330	-75.466818	0.033894
52.816137	-75.517819	0.033894
0
0
