QVEPB 5.0

MM
133.662389839795	104.245518976795	3.122989887421
0.999881754626	0.015377801050	0.000000000000
-0.015377801050	0.999881754626	0.000000000000
0.000000000000	0.000000000000	1.000000000000
329
-94.955058	2.327931	0.086494
-94.676216	3.087006	0.086494
-94.601933	3.283132	0.086494
-93.642877	4.925993	0.086494
-93.629041	4.951490	0.086494
-93.614203	4.977883	0.086494
-93.599655	5.002125	0.086494
-93.570261	5.053594	0.086494
-93.189749	5.716475	0.086494
-93.175281	5.741601	0.086494
-93.116345	5.844453	0.086494
-93.102111	5.868878	0.086494
-93.086168	5.894624	0.086494
-93.071686	5.919743	0.086494
-93.056662	5.946028	0.086494
-93.042856	5.971543	0.086494
-93.028402	5.995839	0.086494
-93.014104	6.022549	0.086494
-92.255749	7.366683	0.086494
-92.242247	7.392373	0.086494
-92.182293	7.493791	0.086494
-91.752375	8.230667	0.086494
-91.708226	8.307741	0.086494
-90.864911	9.767975	0.086694
-90.848557	9.793481	0.086694
-90.760335	9.945542	0.086694
-90.731390	9.997274	0.086694
-90.508892	10.378192	0.086694
-90.479913	10.429066	0.086694
-90.465517	10.454235	0.086694
-90.449433	10.479898	0.086694
-90.434862	10.504964	0.086694
-90.420139	10.531425	0.086694
-90.405172	10.556260	0.086694
-90.390284	10.581140	0.086694
-90.375294	10.606607	0.086694
-90.360595	10.631599	0.086694
-90.331344	10.683152	0.086694
-90.317119	10.708420	0.086694
-90.301748	10.734501	0.086694
-90.287684	10.759027	0.086694
-90.242697	10.834963	0.086694
-90.227771	10.861306	0.086694
-90.198069	10.912594	0.086694
-89.197035	12.646848	0.086594
-89.181579	12.671398	0.086594
-89.166293	12.697530	0.086594
-89.152322	12.722941	0.086594
-89.137446	12.748482	0.086594
-89.122990	12.773612	0.086594
-89.107925	12.799872	0.086594
-89.092977	12.824717	0.086594
-89.078291	12.848884	0.086594
-89.062695	12.874837	0.086594
-89.003288	12.976576	0.086594
-88.973706	13.027932	0.086594
-88.959214	13.052212	0.086594
-88.944934	13.078927	0.086594
-88.929975	13.103765	0.086594
-88.914894	13.128533	0.086594
-88.869883	13.205108	0.086594
-88.855408	13.230227	0.086594
-88.826480	13.281132	0.086594
-88.752065	13.407681	0.086594
-88.722181	13.458862	0.086594
-88.707331	13.484417	0.086594
-88.693185	13.509727	0.086594
-88.677900	13.535860	0.086594
-88.648235	13.587167	0.086594
-88.633656	13.611396	0.086594
-86.803047	16.789223	0.086494
-86.789479	16.814823	0.086494
-86.744760	16.890806	0.086494
-86.730145	16.916527	0.086494
-86.715526	16.943031	0.086494
-86.657618	17.044038	0.086494
-86.642827	17.069661	0.086494
-86.335941	17.605715	0.086494
-86.307124	17.656687	0.086494
-86.291780	17.682792	0.086494
-86.248500	17.759568	0.086494
-86.219169	17.809470	0.086494
-86.204069	17.835710	0.086494
-86.189838	17.861642	0.086494
-84.848091	20.176261	0.086594
-84.833643	20.202059	0.086594
-84.789193	20.278966	0.086594
-84.773922	20.303625	0.086594
-84.744711	20.354372	0.086594
-84.524263	20.736153	0.086594
-84.465502	20.838265	0.086594
-84.391484	20.965716	0.086594
-84.318688	21.093861	0.086594
-84.186799	21.323118	0.086594
-81.703025	25.616907	0.086494
-81.688155	25.643280	0.086494
-81.600619	25.796388	0.086494
-81.585952	25.821394	0.086494
-81.571557	25.848041	0.086494
-81.527822	25.923872	0.086494
-81.512741	25.949298	0.086494
-81.498077	25.974306	0.086494
-81.469118	26.026018	0.086494
-80.710825	27.339134	0.086594
-80.695536	27.365263	0.086594
-80.501859	27.694376	0.086594
-80.367998	27.923478	0.086594
-80.338879	27.973626	0.086594
-80.324064	27.999193	0.086594
-80.309126	28.024044	0.086594
-80.293969	28.050251	0.086594
-80.190797	28.227160	0.086594
-78.937548	30.412547	0.086594
-78.862966	30.540484	0.086594
-78.849056	30.565101	0.086594
-78.731046	30.769047	0.086594
-78.716555	30.794156	0.086594
-78.656204	30.895349	0.086594
-78.642476	30.920901	0.086594
-78.613073	30.971531	0.086594
-78.597270	30.997363	0.086594
-78.567378	31.048538	0.086594
-78.552998	31.072882	0.086594
-78.480295	31.200425	0.086594
-76.795809	34.118031	0.086594
-76.780661	34.142759	0.086594
-76.766289	34.169435	0.086594
-76.737337	34.219695	0.086594
-76.589947	34.475357	0.086594
-76.575528	34.500521	0.086594
-76.530824	34.576631	0.086594
-76.486844	34.653175	0.086594
-76.472091	34.678139	0.086594
-76.429119	34.755286	0.086594
-76.414013	34.781523	0.086594
-76.368909	34.857393	0.086594
-76.354785	34.882734	0.086594
-74.965658	37.283592	0.086594
-74.950826	37.309160	0.086594
-74.936801	37.334538	0.086594
-74.907367	37.385151	0.086594
-74.802867	37.563422	0.086594
-74.535595	38.019393	0.086594
-74.505846	38.069824	0.086594
-74.490025	38.095647	0.086594
-73.073107	40.551540	-0.113706
-73.058524	40.576600	-0.113706
-73.044607	40.601211	-0.113706
-73.029528	40.627464	-0.113706
-73.015102	40.652616	-0.113706
-72.971814	40.729553	-0.113706
-72.942080	40.780824	-0.113706
-72.927411	40.806476	-0.113706
-72.913305	40.831816	-0.113706
-72.898927	40.856998	-0.113706
-72.884755	40.883784	-0.113706
-72.870025	40.908758	-0.113706
-72.855573	40.935378	-0.113706
-72.768455	41.088091	-0.113706
-72.753555	41.112965	-0.113706
-72.724877	41.164857	-0.113706
-71.035896	44.075637	0.087094
-70.962603	44.203498	0.087094
-70.948437	44.228787	0.087094
-70.905013	44.306279	0.087094
-70.890283	44.331247	0.087094
-70.802845	44.483593	0.087094
-70.759037	44.560865	0.087094
-70.714756	44.637867	0.087094
-70.700752	44.663250	0.087094
-70.671517	44.713981	0.087094
-70.656944	44.740522	0.087094
-70.642735	44.764971	0.087094
-70.598218	44.841839	0.087094
-70.568622	44.892364	0.087094
-70.554940	44.917930	0.087094
-70.539542	44.944000	0.087094
-70.510280	44.994716	0.087094
-68.875398	47.823549	0.086594
-68.861168	47.847980	0.086594
-68.831130	47.899071	0.086594
-68.817121	47.924460	0.086594
-68.802029	47.949875	0.086594
-68.771876	48.000899	0.086594
-68.669494	48.178911	0.086594
-68.625959	48.255689	0.086594
-68.566860	48.357607	0.086594
-68.508751	48.460099	0.086594
-68.435759	48.586645	0.086594
-68.405807	48.637786	0.086594
-68.377143	48.689673	0.086594
-68.362331	48.715251	0.086594
-68.347680	48.740268	0.086594
-68.332906	48.765214	0.086594
-68.318448	48.791826	0.086594
-68.304087	48.816182	0.086594
-68.288928	48.842387	0.086594
-66.988604	51.092127	0.086494
-66.973915	51.117127	0.086494
-66.958989	51.143470	0.086494
-66.944214	51.168418	0.086494
-66.871215	51.295800	0.086494
-66.857112	51.321146	0.086494
-66.797641	51.423688	0.086494
-66.782956	51.448689	0.086494
-66.547906	51.855874	0.086494
-66.532231	51.881775	0.086494
-66.517314	51.906640	0.086494
-66.503031	51.931879	0.086494
-66.488623	51.957682	0.086494
-66.473282	51.982297	0.086494
-66.459411	52.007779	0.086494
-66.444057	52.033869	0.086494
-66.429650	52.059035	0.086494
-65.140002	54.279974	0.086494
-65.110095	54.331141	0.086494
-65.081208	54.380586	0.086494
-65.036993	54.458452	0.086494
-65.006995	54.508736	0.086494
-64.963469	54.584689	0.086494
-64.947898	54.610655	0.086494
-64.933524	54.635833	0.086494
-64.919536	54.661235	0.086494
-64.904439	54.687476	0.086494
-64.830726	54.813604	0.086494
-64.815892	54.839998	0.086494
-64.801694	54.865278	0.086494
-64.757282	54.940717	0.086494
-64.742212	54.966974	0.086494
-64.727556	54.991988	0.086494
-64.712446	55.018223	0.086494
-64.684135	55.069485	0.086494
-64.669224	55.094352	0.086494
-64.639368	55.145547	0.086494
-64.625273	55.170057	0.086494
-64.610823	55.196674	0.086494
-64.580289	55.247477	0.086494
-64.567066	55.272493	0.086494
-64.522334	55.350060	0.086494
-64.507832	55.375163	0.086494
-64.493750	55.399680	0.086494
-64.478542	55.425857	0.086494
-63.357408	57.374844	0.086594
-63.284963	57.502549	0.086594
-63.168763	57.706915	0.086594
-63.124172	57.783085	0.086594
-63.095754	57.834289	0.086594
-63.051483	57.910647	0.086594
-63.008107	57.987531	0.086594
-62.906355	58.166758	0.086594
-62.890797	58.192729	0.086594
-62.774241	58.396886	0.086594
-62.760711	58.421725	0.086594
-62.746236	58.448332	0.086594
-60.247756	62.761141	0.086594
-60.233112	62.786166	0.086594
-60.218392	62.811789	0.086594
-60.204439	62.837218	0.086594
-60.159951	62.913449	0.086594
-60.144788	62.939652	0.086594
-59.982402	63.218409	0.086594
-59.877349	63.395696	0.086594
-59.863021	63.420906	0.086594
-59.818724	63.497248	0.086594
-59.803824	63.523606	0.086594
-59.789540	63.548001	0.086594
-59.774956	63.573061	0.086594
-59.729409	63.650153	0.086594
-59.714599	63.675080	0.086594
-59.700773	63.700585	0.086594
-59.641165	63.802203	0.086594
-56.426789	69.366204	0.086694
-56.397228	69.416752	0.086694
-56.381538	69.442657	0.086694
-56.367128	69.466993	0.086694
-56.352412	69.493451	0.086694
-56.338014	69.517795	0.086694
-56.323541	69.544391	0.086694
-56.308583	69.569228	0.086694
-56.294002	69.594951	0.086694
-56.264825	69.645716	0.086694
-56.234183	69.696461	0.086694
-56.220191	69.722519	0.086694
-56.027587	70.052777	0.086694
-55.968118	70.154487	0.086694
-55.939121	70.205355	0.086694
-55.910130	70.256226	0.086694
-55.894796	70.280850	0.086694
-55.865543	70.331572	0.086694
-53.684113	74.112482	0.086694
-53.624827	74.214295	0.086694
-53.610791	74.239659	0.086694
-53.595215	74.264811	0.086694
-53.566231	74.316502	0.086694
-53.419917	74.570896	0.086694
-53.243099	74.876779	0.086694
-53.228080	74.901582	0.086694
-53.213370	74.928045	0.086694
-53.140826	75.054850	0.086694
-53.051763	75.208568	0.086694
-53.022382	75.259216	0.086694
-51.822412	77.324141	0.086694
-51.792086	77.376549	0.086694
-51.719275	77.503202	0.086694
-51.689315	77.553521	0.086694
-51.674661	77.580015	0.086694
-51.660219	77.605146	0.086694
-51.645633	77.630865	0.086694
-51.572205	77.757981	0.086694
-51.498981	77.885882	0.086694
-51.396821	78.063202	0.086694
-51.382429	78.089845	0.086694
-51.368285	78.115146	0.086694
-50.531601	79.571420	0.086594
-50.487787	79.647205	0.086594
-50.472429	79.673299	0.086594
-50.457164	79.698632	0.086594
-50.443576	79.724248	0.086594
-50.354772	79.876633	0.086594
-50.310539	79.953664	0.086594
-50.295964	79.979390	0.086594
-50.251900	80.055033	0.086594
-50.237306	80.081561	0.086594
-50.223456	80.106215	0.086594
-50.178172	80.182648	0.086594
-50.104405	80.310241	0.086594
-50.090540	80.335700	0.086594
-50.075215	80.360999	0.086594
-50.061325	80.386444	0.086594
0
0
