QVEPB 5.0

MM
133.566197644749	104.172962978741	3.075489887421
0.999633785318	0.027060954374	0.000000000000
-0.027060954374	0.999633785318	0.000000000000
0.000000000000	0.000000000000	1.000000000000
18
0.005856	79.899547	0.285300
0.003624	79.897587	0.285300
0.000674	79.898813	0.285300
-0.029943	79.909571	0.285300
-0.032828	79.910361	0.285300
-0.038713	79.905282	0.285300
-0.039269	79.911626	0.285300
-0.043531	79.907823	0.285300
-0.046246	79.909567	0.285300
-0.046207	79.914432	0.285300
-0.049483	79.915642	0.285300
-0.072915	79.933428	0.285300
-0.088670	79.996738	0.285300
-0.090771	79.999495	0.285300
-0.089668	80.002655	0.285300
-0.091182	80.006035	0.285300
-0.090222	80.009465	0.285300
-0.077058	80.049814	0.285300
0
0
