QVEPB 5.0

MM
133.561613663031	105.683194304380	3.230328169759
0.999738318502	0.022875631565	0.000000000000
-0.022875631565	0.999738318502	0.000000000000
0.000000000000	0.000000000000	1.000000000000
272
-40.578198	83.450693	-0.136128
-40.431920	83.451259	-0.136128
-40.285631	83.451007	-0.136128
-40.249047	83.451352	-0.136128
-40.175925	83.450377	-0.136128
-40.066161	83.450507	-0.136128
-40.029587	83.451532	-0.136128
-39.993062	83.451182	-0.136128
-39.956463	83.450469	-0.136128
-39.810194	83.451623	-0.136128
-39.700507	83.452376	-0.136128
-39.663902	83.451207	-0.136128
-39.627326	83.452085	-0.136128
-37.425455	83.453331	-0.047428
-37.388879	83.453297	-0.047428
-37.352350	83.454432	-0.047428
-37.315771	83.453054	-0.047428
-37.242664	83.453414	-0.047428
-37.096403	83.453328	-0.047428
-37.059875	83.454304	-0.047428
-36.913657	83.453025	-0.047428
-36.840506	83.453815	-0.047428
-36.730867	83.453550	-0.047428
-36.694290	83.453212	-0.047428
-36.584605	83.452775	-0.047428
-36.548075	83.453091	-0.047428
-36.438393	83.454232	-0.047428
-36.292177	83.453359	-0.047428
-36.255601	83.453721	-0.047428
-36.182492	83.452915	-0.047428
-36.145916	83.453108	-0.047428
-36.036233	83.453909	-0.047428
-32.379061	83.453495	-0.047528
-32.159739	83.453528	-0.047528
-32.123163	83.454224	-0.047528
-32.086635	83.454573	-0.047528
-32.013525	83.453937	-0.047528
-31.976951	83.455056	-0.047528
-31.940423	83.455442	-0.047528
-31.830734	83.454254	-0.047528
-31.684520	83.454681	-0.047528
-31.574887	83.455898	-0.047528
-31.282460	83.456735	-0.047528
-31.245927	83.455713	-0.047528
-31.136241	83.455501	-0.047528
-31.099714	83.456519	-0.047528
-28.295551	83.456868	-0.047528
-28.222438	83.455506	-0.047528
-28.149329	83.455299	-0.047528
-28.112754	83.456273	-0.047528
-28.039646	83.456189	-0.047528
-27.966537	83.455693	-0.047528
-27.930009	83.455898	-0.047528
-27.820320	83.455302	-0.047528
-27.747215	83.456048	-0.047528
-27.710688	83.456416	-0.047528
-27.674104	83.455306	-0.047528
-27.564473	83.456339	-0.047528
-27.418254	83.455623	-0.047528
-27.345144	83.455082	-0.047528
-27.272040	83.455768	-0.047528
-27.198931	83.455403	-0.047528
-27.162351	83.455374	-0.047528
-27.125818	83.454179	-0.047528
-27.089243	83.455192	-0.047528
-27.016132	83.454298	-0.047528
-26.979602	83.454073	-0.047528
-26.943028	83.455204	-0.047528
-26.906495	83.454343	-0.047528
-19.158083	83.455849	-0.043728
-19.121551	83.454976	-0.043728
-19.011902	83.455562	-0.043728
-18.865724	83.454759	-0.043728
-18.829173	83.456319	-0.043728
-18.792607	83.456209	-0.043728
-18.756071	83.455895	-0.043728
-18.682961	83.456399	-0.043728
-18.646425	83.456023	-0.043728
-18.609889	83.455681	-0.043728
-18.573354	83.455101	-0.043728
-18.500245	83.455498	-0.043728
-18.390604	83.454980	-0.043728
-18.317518	83.456089	-0.043728
-18.134768	83.455987	-0.043728
-18.061690	83.455949	-0.043728
-18.025121	83.456203	-0.043728
-17.952044	83.456144	-0.043728
-17.915473	83.456664	-0.043728
-17.878943	83.455433	-0.043728
-17.805861	83.456079	-0.043728
-17.769296	83.455678	-0.043728
-14.585504	83.455586	-0.043728
-14.548936	83.455036	-0.043728
-14.475856	83.456624	-0.043728
-14.439290	83.455656	-0.043728
-14.402755	83.455422	-0.043728
-14.366216	83.456117	-0.043728
-14.329650	83.455155	-0.043728
-14.293108	83.456359	-0.043728
-14.220004	83.455817	-0.043728
-14.183472	83.454996	-0.043728
-14.073832	83.454427	-0.043728
-14.037289	83.455987	-0.043728
-13.891083	83.454468	-0.043728
-13.854544	83.455060	-0.043728
-13.818012	83.454150	-0.043728
-13.781442	83.453998	-0.043728
-13.708363	83.455483	-0.043728
-13.635263	83.454144	-0.043728
-13.562153	83.454786	-0.043728
-13.525615	83.455160	-0.043728
-13.489087	83.453498	-0.043728
-13.452515	83.453756	-0.043728
-13.379438	83.454876	-0.043728
-13.342869	83.454567	-0.043728
-13.306338	83.453468	-0.043728
-8.302446	83.452391	-0.043728
-8.265875	83.452647	-0.043728
-8.192799	83.452976	-0.043728
-8.156224	83.454052	-0.043728
-8.046579	83.454384	-0.043728
-8.010045	83.453816	-0.043728
-7.900400	83.454082	-0.043728
-7.790753	83.454828	-0.043728
-7.754215	83.454940	-0.043728
-7.717676	83.455420	-0.043728
-7.681108	83.455043	-0.043728
-7.644573	83.454766	-0.043728
-7.571467	83.454699	-0.043728
-7.461822	83.454951	-0.043728
-7.425284	83.455186	-0.043728
-7.242567	83.455162	-0.043728
-7.169458	83.455732	-0.043728
-7.132920	83.455786	-0.043728
-0.744645	83.471755	-0.043728
-0.635005	83.470960	-0.043728
-0.598475	83.472250	-0.043728
-0.525367	83.471669	-0.043728
-0.342621	83.471325	-0.043728
-0.306046	83.471549	-0.043728
-0.086768	83.471287	-0.043728
-0.050193	83.472207	-0.043728
0.059447	83.471154	-0.043728
0.242193	83.471305	-0.043728
0.461513	83.472548	-0.043728
0.498045	83.472911	-0.043728
0.717367	83.471817	-0.043728
0.753898	83.472216	-0.043728
6.395064	83.459137	-0.043728
6.431597	83.458427	-0.043728
6.468132	83.458582	-0.043728
6.504704	83.458603	-0.043728
6.577815	83.460241	-0.043728
6.614347	83.459257	-0.043728
6.760524	83.459625	-0.043728
6.797100	83.460947	-0.043728
6.870169	83.460928	-0.043728
6.979847	83.460594	-0.043728
7.016383	83.460853	-0.043728
7.052917	83.460854	-0.043728
7.126027	83.461964	-0.043728
7.162563	83.462473	-0.043728
7.235669	83.462247	-0.043728
7.272242	83.462512	-0.043728
7.308777	83.462711	-0.043728
7.345313	83.463165	-0.043728
7.381883	83.462361	-0.043728
7.454954	83.462989	-0.043728
7.491527	83.463298	-0.043728
9.911266	83.460991	-0.043728
9.947795	83.460907	-0.043728
10.130532	83.462412	-0.043728
10.167112	83.462201	-0.043728
10.203644	83.461414	-0.043728
10.240222	83.461797	-0.043728
10.276749	83.462169	-0.043728
10.349856	83.462344	-0.043728
10.422967	83.461363	-0.043728
10.459544	83.461978	-0.043728
10.496071	83.462282	-0.043728
10.532653	83.461636	-0.043728
10.605756	83.462601	-0.043728
10.642291	83.461156	-0.043728
10.715396	83.461766	-0.043728
10.751976	83.461573	-0.043728
10.788502	83.462114	-0.043728
10.825086	83.461058	-0.043728
10.861615	83.461045	-0.043728
10.934717	83.462223	-0.043728
11.007824	83.462488	-0.043728
11.044406	83.461584	-0.043728
11.080934	83.461881	-0.043728
11.117516	83.461194	-0.043728
11.154040	83.462301	-0.043728
11.190618	83.462434	-0.043728
11.300258	83.461462	-0.043728
11.373364	83.462020	-0.043728
11.409942	83.462076	-0.043728
16.883731	83.457997	-0.043728
16.920305	83.458419	-0.043728
16.993370	83.457213	-0.043728
17.029945	83.457525	-0.043728
17.066477	83.457167	-0.043728
17.103052	83.457513	-0.043728
17.139584	83.457870	-0.043728
17.212691	83.456626	-0.043728
17.285799	83.455824	-0.043728
17.358906	83.456115	-0.043728
17.395438	83.456538	-0.043728
17.468545	83.455941	-0.043728
17.505077	83.455148	-0.043728
17.541652	83.455183	-0.043728
17.578184	83.455124	-0.043728
17.614716	83.455031	-0.043728
17.651292	83.454389	-0.043728
17.724399	83.454580	-0.043728
17.797463	83.454396	-0.043728
17.834038	83.454791	-0.043728
17.870570	83.453594	-0.043728
17.943677	83.453004	-0.043728
17.980252	83.453293	-0.043728
18.016784	83.454348	-0.043728
18.089891	83.453477	-0.043728
18.126423	83.453253	-0.043728
32.464303	83.446653	-0.043728
32.500837	83.446635	-0.043728
32.573945	83.447172	-0.043728
32.647050	83.446404	-0.043728
32.720155	83.445398	-0.043728
32.866330	83.445213	-0.043728
33.158719	83.445685	-0.043728
33.231826	83.445777	-0.043728
33.268360	83.445709	-0.043728
33.304931	83.444779	-0.043728
33.341464	83.444647	-0.043728
33.377998	83.444296	-0.043728
33.414573	83.445634	-0.043728
33.451108	83.445840	-0.043728
33.487640	83.445214	-0.043728
33.633852	83.444184	-0.043728
33.706959	83.444327	-0.043728
33.962773	83.443534	-0.043728
33.999348	83.444853	-0.043728
43.128885	83.420988	-0.043728
43.165413	83.421357	-0.043728
43.201942	83.421512	-0.043728
43.275050	83.421540	-0.043728
43.311629	83.421096	-0.043728
43.348160	83.420575	-0.043728
43.677165	83.421602	-0.043728
43.713699	83.420128	-0.043728
43.786803	83.421301	-0.043728
43.823334	83.420744	-0.043728
43.896440	83.421260	-0.043728
43.933018	83.421119	-0.043728
43.969548	83.421160	-0.043728
44.006128	83.420319	-0.043728
44.042661	83.419382	-0.043728
44.152345	83.419565	-0.043728
44.188875	83.419670	-0.043728
44.225451	83.420048	-0.043728
44.298514	83.418969	-0.043728
44.761223	83.417089	-0.043728
44.797756	83.416276	-0.043728
44.870818	83.414470	-0.043728
45.016941	83.410787	-0.043728
45.126549	83.408750	-0.043728
45.382272	83.402641	-0.043728
45.418798	83.401517	-0.043728
45.528426	83.400315	-0.043728
45.564952	83.399221	-0.043728
45.601480	83.398164	-0.043728
0
0
