QVEPB 5.0

MM
133.704297038003	104.158220799207	3.061289887421
0.999879791020	0.015504951147	0.000000000000
-0.015504951147	0.999879791020	0.000000000000
0.000000000000	0.000000000000	1.000000000000
414
-45.526114	83.368049	0.077094
-45.496712	83.368843	0.077094
-45.467290	83.369595	0.077094
-45.379067	83.369948	0.077094
-45.349666	83.369967	0.077094
-45.320266	83.369843	0.077094
-45.261443	83.370843	0.077094
-45.232043	83.370728	0.077094
-45.202642	83.371078	0.077094
-45.173220	83.370872	0.077094
-45.084996	83.372123	0.077094
-45.055595	83.372639	0.077094
-45.026195	83.372836	0.077094
-44.996793	83.373448	0.077094
-44.702724	83.375132	0.077094
-44.506038	83.371893	0.077094
-44.417815	83.372258	0.077094
-44.270770	83.372964	0.077094
-44.211972	83.373905	0.077094
-44.182549	83.373907	0.077094
-44.153149	83.373706	0.077094
-43.917882	83.374731	0.077094
-43.888483	83.375554	0.077094
-43.859059	83.375715	0.077094
-43.829659	83.374641	0.077094
-43.741437	83.374974	0.077094
-43.712038	83.375203	0.077094
-43.653215	83.376082	0.077094
-43.623815	83.375544	0.077094
-43.594393	83.376906	0.077094
-43.535594	83.377057	0.077094
-40.677492	83.390454	0.077194
-40.589203	83.392485	0.077194
-40.530385	83.393239	0.077194
-40.059762	83.403378	0.077194
-40.000936	83.403746	0.077194
-39.942084	83.405493	0.077194
-39.824459	83.407533	0.077194
-38.623432	83.407934	0.077294
-38.505735	83.408981	0.077294
-38.446848	83.408843	0.077294
-38.388042	83.410278	0.077294
-38.358588	83.409627	0.077294
-38.329150	83.409825	0.077294
-38.270338	83.410955	0.077294
-37.770128	83.416236	0.077294
-37.711303	83.416665	0.077294
-37.681862	83.416709	0.077294
-37.652462	83.416204	0.077294
-37.534766	83.417322	0.077294
-36.552922	83.414868	0.077294
-36.523521	83.413935	0.077294
-36.464698	83.413623	0.077294
-35.641285	83.401158	0.077294
-35.553061	83.399611	0.077294
-35.435413	83.397522	0.077294
-35.258965	83.394602	0.077294
-33.091664	83.397978	0.077294
-32.944585	83.399493	0.077294
-32.885697	83.399112	0.077294
-32.856300	83.398753	0.077294
-32.826864	83.399021	0.077294
-32.797472	83.399005	0.077294
-32.768052	83.400174	0.077294
-32.738610	83.400131	0.077294
-32.709227	83.400608	0.077294
-32.679787	83.400672	0.077294
-32.650339	83.400261	0.077294
-32.620951	83.400433	0.077294
-32.562065	83.400187	0.077294
-32.532682	83.400628	0.077294
-32.503234	83.400264	0.077294
-32.473851	83.400734	0.077294
-32.414968	83.400625	0.077294
-32.385591	83.401466	0.077294
-32.356143	83.401021	0.077294
-32.326695	83.400650	0.077294
-32.297323	83.401768	0.077294
-32.267885	83.401905	0.077294
-32.238492	83.401810	0.077294
-32.209054	83.401971	0.077294
-32.179613	83.401935	0.077294
-32.150213	83.401447	0.077294
-32.120778	83.401809	0.077294
-32.091328	83.401281	0.077294
-32.061939	83.401400	0.077294
-30.154377	83.401226	0.077294
-30.124978	83.400678	0.077294
-30.095579	83.400848	0.077294
-30.066156	83.401721	0.077294
-30.036756	83.401597	0.077294
-30.007358	83.401616	0.077294
-29.977933	83.401635	0.077294
-29.919136	83.402232	0.077294
-29.889712	83.402494	0.077294
-29.860313	83.402870	0.077294
-29.772093	83.403872	0.077294
-29.742694	83.404220	0.077294
-29.713269	83.403862	0.077294
-29.389782	83.406757	0.077294
-29.360385	83.407945	0.077294
-29.330986	83.407958	0.077294
-29.272162	83.407635	0.077294
-27.111974	83.401194	0.077294
-27.082559	83.401667	0.077294
-26.876681	83.403428	0.077294
-26.847272	83.403566	0.077294
-26.788460	83.403398	0.077294
-26.759065	83.402669	0.077294
-26.700242	83.403205	0.077294
-26.670828	83.403615	0.077294
-26.641420	83.403734	0.077294
-26.612008	83.404026	0.077294
-26.435553	83.404780	0.077294
-26.406134	83.405541	0.077294
-26.376722	83.405845	0.077294
-26.317896	83.406610	0.077294
-24.481218	83.406518	0.077394
-24.451818	83.405994	0.077394
-24.422417	83.406027	0.077394
-24.392995	83.406430	0.077394
-24.363596	83.405841	0.077394
-24.304794	83.406028	0.077394
-24.275373	83.406316	0.077394
-24.245971	83.406540	0.077394
-24.216570	83.406734	0.077394
-24.128349	83.406268	0.077394
-24.098949	83.405704	0.077394
-24.069529	83.405649	0.077394
-24.040127	83.406074	0.077394
-24.010726	83.405811	0.077394
-23.981323	83.406613	0.077394
-23.951902	83.406863	0.077394
-23.893102	83.406486	0.077394
-23.863703	83.405418	0.077394
-23.834281	83.406142	0.077394
-23.804879	83.406485	0.077394
-23.775479	83.406233	0.077394
-23.569632	83.406604	0.077394
-23.540235	83.405358	0.077394
-23.510811	83.406541	0.077394
-23.452012	83.405619	0.077394
-23.422589	83.406540	0.077394
-23.393189	83.406083	0.077394
-23.363788	83.406320	0.077394
-23.334389	83.405307	0.077394
-23.304968	83.405720	0.077394
-23.275568	83.405357	0.077394
-23.246165	83.406240	0.077394
-23.216766	83.405441	0.077394
-23.187344	83.406100	0.077394
-23.128542	83.406147	0.077394
-20.290530	83.403645	0.077394
-20.202308	83.404217	0.077394
-20.143484	83.404169	0.077394
-20.114061	83.404959	0.077394
-20.084661	83.404179	0.077394
-19.937616	83.405274	0.077394
-19.908218	83.405740	0.077394
-19.849393	83.404660	0.077394
-19.761171	83.405149	0.077394
-19.731773	83.406388	0.077394
-19.702373	83.405178	0.077394
-19.614152	83.406677	0.077394
-19.584727	83.406185	0.077394
-19.555328	83.406226	0.077394
-19.467105	83.406140	0.077394
-19.437707	83.406858	0.077394
-19.408283	83.406868	0.077394
-19.261237	83.406835	0.077394
-19.114217	83.407562	0.077394
-16.979196	83.407705	0.077394
-16.773267	83.407911	0.077394
-16.743888	83.408737	0.077394
-16.685008	83.408575	0.077394
-16.508519	83.408856	0.077394
-16.361417	83.408807	0.077394
-16.302573	83.408002	0.077394
-16.273149	83.408938	0.077394
-16.243758	83.408996	0.077394
-16.155490	83.409109	0.077394
-16.096653	83.408739	0.077394
-15.949560	83.409272	0.077394
-15.831841	83.408602	0.077394
-15.802447	83.408538	0.077394
-15.773004	83.408264	0.077394
-15.743566	83.408287	0.077394
-15.714173	83.408260	0.077394
-15.655340	83.408155	0.077394
-13.937848	83.409656	0.077394
-13.908449	83.409899	0.077394
-13.879024	83.409469	0.077394
-13.849625	83.408811	0.077394
-13.790802	83.409381	0.077394
-13.643781	83.409961	0.077394
-13.555559	83.410180	0.077394
-13.526135	83.409781	0.077394
-13.496735	83.409786	0.077394
-13.408513	83.410374	0.077394
-13.379114	83.410509	0.077394
-13.349690	83.409981	0.077394
-13.320291	83.410804	0.077394
-13.290892	83.410364	0.077394
-13.261468	83.411220	0.077394
-13.232068	83.410256	0.077394
-13.173246	83.411151	0.077394
-13.143846	83.410496	0.077394
-13.114447	83.410627	0.077394
-13.055625	83.411677	0.077394
-12.996801	83.410980	0.077394
-12.879180	83.412068	0.077394
-12.820357	83.412239	0.077394
-12.761558	83.412055	0.077394
-12.732133	83.411468	0.077394
-11.623247	83.421396	0.077294
-11.593849	83.421479	0.077294
-11.564454	83.422400	0.077294
-11.329185	83.422819	0.077294
-11.299758	83.422517	0.077294
-11.240937	83.423480	0.077294
-11.123313	83.422645	0.077294
-10.976268	83.423208	0.077294
-10.888046	83.423400	0.077294
-10.829225	83.424519	0.077294
-10.652778	83.424138	0.077294
-10.623378	83.423684	0.077294
-10.593957	83.425074	0.077294
-10.476335	83.424895	0.077294
-10.446908	83.424660	0.077294
-10.388112	83.424670	0.077294
-8.603263	83.420018	0.077394
-8.456248	83.418751	0.077394
-8.279819	83.417870	0.077394
-8.221021	83.416803	0.077394
-7.779958	83.414100	0.077394
-7.750557	83.413668	0.077394
-7.721158	83.413167	0.077394
-7.632934	83.413314	0.077394
-7.603545	83.412190	0.077394
-7.515324	83.412190	0.077394
-4.133375	83.411173	0.077194
-4.103975	83.411074	0.077194
-4.074551	83.412235	0.077194
-4.045152	83.411419	0.077194
-4.015751	83.411834	0.077194
-3.927527	83.412379	0.077194
-3.898127	83.412119	0.077194
-3.868707	83.411842	0.077194
-3.839306	83.411741	0.077194
-3.809904	83.412396	0.077194
-3.780503	83.412642	0.077194
-3.751083	83.412147	0.077194
-3.721682	83.412162	0.077194
-3.692281	83.412228	0.077194
-3.662860	83.412356	0.077194
-0.007912	83.414445	0.077394
0.080358	83.414927	0.077394
0.109801	83.415082	0.077394
0.139257	83.414633	0.077394
0.198095	83.414530	0.077394
0.227530	83.414995	0.077394
0.315882	83.414394	0.077394
0.374686	83.415764	0.077394
0.521877	83.415010	0.077394
0.551324	83.414974	0.077394
0.610186	83.416285	0.077394
0.639600	83.415176	0.077394
0.698463	83.416473	0.077394
0.727914	83.416246	0.077394
0.786744	83.416444	0.077394
0.816209	83.415659	0.077394
0.845626	83.416908	0.077394
0.904535	83.416195	0.077394
0.933905	83.417001	0.077394
0.963364	83.416451	0.077394
0.992819	83.416044	0.077394
1.081088	83.416590	0.077394
2.962816	83.434240	0.077294
3.021638	83.434346	0.077294
3.051037	83.433458	0.077294
3.227482	83.433260	0.077294
3.256881	83.432526	0.077294
3.286282	83.432922	0.077294
3.315704	83.432702	0.077294
3.345105	83.433411	0.077294
3.374505	83.433174	0.077294
3.403905	83.433224	0.077294
3.639170	83.431543	0.077294
3.697971	83.431944	0.077294
3.756792	83.430839	0.077294
3.815613	83.430591	0.077294
3.845014	83.430756	0.077294
3.933235	83.430111	0.077294
3.962637	83.431074	0.077294
4.050858	83.429769	0.077294
4.139081	83.430517	0.077294
4.197903	83.430563	0.077294
4.227302	83.429648	0.077294
4.256703	83.430197	0.077294
5.352626	83.429609	0.077294
5.411427	83.430076	0.077294
5.440848	83.429605	0.077294
5.499649	83.429794	0.077294
5.529050	83.430045	0.077294
5.558472	83.430197	0.077294
5.587873	83.430694	0.077294
5.617272	83.430245	0.077294
6.117186	83.431219	0.077294
6.146608	83.431093	0.077294
6.234830	83.431286	0.077294
6.264231	83.431232	0.077294
6.293631	83.431010	0.077294
6.352454	83.431569	0.077294
6.381853	83.431156	0.077294
6.440675	83.431146	0.077294
6.470075	83.430878	0.077294
6.499476	83.431052	0.077294
6.528877	83.431807	0.077294
9.524736	83.431849	0.077394
9.554133	83.431530	0.077394
9.583576	83.431372	0.077394
9.613007	83.431870	0.077394
9.730668	83.432075	0.077394
9.789507	83.431649	0.077394
10.083761	83.431775	0.077394
10.113154	83.431718	0.077394
10.289698	83.431697	0.077394
10.319140	83.431585	0.077394
10.436787	83.432604	0.077394
10.466239	83.431909	0.077394
10.525066	83.432170	0.077394
10.554522	83.431261	0.077394
10.583898	83.432194	0.077394
10.613348	83.431585	0.077394
10.731009	83.431764	0.077394
10.819274	83.432163	0.077394
10.878109	83.431995	0.077394
13.127349	83.432527	0.077294
13.156750	83.433152	0.077294
13.186150	83.432593	0.077294
13.215552	83.433124	0.077294
13.244971	83.432520	0.077294
13.274372	83.432481	0.077294
13.333194	83.432606	0.077294
13.421395	83.431924	0.077294
13.686061	83.431584	0.077294
13.715460	83.430694	0.077294
13.803681	83.430266	0.077294
13.833081	83.430005	0.077294
13.862503	83.429969	0.077294
14.038926	83.429534	0.077294
14.215368	83.428362	0.077294
14.244770	83.428977	0.077294
18.276525	83.426806	0.609894
18.305926	83.427023	0.609894
18.452969	83.425344	0.609894
18.688213	83.423912	0.609894
18.864657	83.423228	0.609894
19.011679	83.422014	0.609894
19.041101	83.422047	0.609894
19.452789	83.418511	0.609894
24.082715	83.405256	0.609294
24.112113	83.405172	0.609294
24.170939	83.404758	0.609294
24.317986	83.404840	0.609294
24.817921	83.405718	0.609294
25.082619	83.405280	0.609294
25.259063	83.405597	0.609294
25.288460	83.405979	0.609294
25.347287	83.405192	0.609294
28.613545	83.409279	0.609194
28.878199	83.405870	0.609194
29.642733	83.402717	0.609194
35.615662	83.397086	0.609294
35.645135	83.392638	0.609294
38.540157	83.399994	0.205194
38.569577	83.399971	0.205194
38.657799	83.399833	0.205194
38.687200	83.399893	0.205194
38.746002	83.399521	0.205194
38.775421	83.399447	0.205194
39.157691	83.398781	0.205194
39.187093	83.399307	0.205194
39.216511	83.398361	0.205194
39.304715	83.398814	0.205194
39.334135	83.398603	0.205194
39.363533	83.397677	0.205194
39.539977	83.397409	0.205194
39.569379	83.397922	0.205194
39.598778	83.397131	0.205194
39.716401	83.396883	0.205194
39.745823	83.397697	0.205194
39.775225	83.397989	0.205194
39.804625	83.397579	0.205194
39.834025	83.397136	0.205194
39.863445	83.397022	0.205194
43.054802	83.387911	0.205694
43.113608	83.387402	0.205694
43.143025	83.387985	0.205694
43.172413	83.386779	0.205694
43.201827	83.387238	0.205694
43.231221	83.386388	0.205694
43.260638	83.387059	0.205694
43.319438	83.386159	0.205694
43.378246	83.385772	0.205694
43.554684	83.385439	0.205694
43.760519	83.384512	0.205694
43.848723	83.383416	0.205694
43.878138	83.383893	0.205694
43.907521	83.382417	0.205694
44.054554	83.382206	0.205694
44.113365	83.382047	0.205694
44.142761	83.381331	0.205694
45.476318	83.363625	0.205894
0
0
