QVEPB 5.0

MM
133.704297038003	104.158220799207	3.061289887421
0.999879791020	0.015504951147	0.000000000000
-0.015504951147	0.999879791020	0.000000000000
0.000000000000	0.000000000000	1.000000000000
337
49.597094	80.823213	0.074794
49.613012	80.797442	0.074794
49.640751	80.746502	0.074794
49.671179	80.695623	0.074794
49.728936	80.592720	0.074794
49.816275	80.440770	0.074794
49.876128	80.337593	0.074794
49.934515	80.235898	0.074794
49.962400	80.185040	0.074794
50.579953	79.134657	0.075594
50.594314	79.109466	0.075594
50.636662	79.031135	0.075594
50.680271	78.954991	0.075594
50.837608	78.671980	0.075594
50.864782	78.620701	0.075594
50.880588	78.594015	0.075594
50.936964	78.491756	0.075594
51.181045	78.083209	0.075594
51.196617	78.057844	0.075594
51.225236	78.007401	0.075594
51.240021	77.981000	0.075594
51.269898	77.930410	0.075594
51.283917	77.905020	0.075594
51.372994	77.752351	0.075594
51.388527	77.726963	0.075594
51.417299	77.676609	0.075594
51.432953	77.651291	0.075594
51.520973	77.498007	0.075594
51.550346	77.448003	0.075594
51.564675	77.421915	0.075594
51.638993	77.295084	0.075594
51.713734	77.167621	0.075594
51.852172	76.914242	0.075594
51.866099	76.888795	0.075594
51.881944	76.863589	0.075594
51.896035	76.838239	0.075594
51.911237	76.812654	0.075594
51.926163	76.787796	0.075594
51.985297	76.684792	0.075594
52.015483	76.634383	0.075594
52.029975	76.609270	0.075594
52.044429	76.583244	0.075594
52.104238	76.482094	0.075594
52.133138	76.431817	0.075594
52.163625	76.381586	0.075594
52.222377	76.279813	0.075594
52.237353	76.254094	0.075594
52.267717	76.203791	0.075594
52.283065	76.177725	0.075594
52.327382	76.101989	0.075594
52.342032	76.076079	0.075594
52.356195	76.050771	0.075594
52.370873	76.024877	0.075594
52.385794	76.000016	0.075594
52.960088	75.011177	0.075494
52.975059	74.984874	0.075494
53.004689	74.935006	0.075494
53.018916	74.909737	0.075494
53.034544	74.882949	0.075494
53.049449	74.858066	0.075494
53.064105	74.833041	0.075494
53.078117	74.807650	0.075494
53.093194	74.781408	0.075494
53.107926	74.756427	0.075494
53.122956	74.731614	0.075494
53.152723	74.679508	0.075494
53.167259	74.654415	0.075494
53.210492	74.578923	0.075494
53.226666	74.553304	0.075494
53.285545	74.451035	0.075494
53.299277	74.425485	0.075494
53.313921	74.400454	0.075494
53.373801	74.298753	0.075494
53.403411	74.247416	0.075494
53.552233	73.988828	0.075594
53.566543	73.963607	0.075594
53.581590	73.937355	0.075594
53.596471	73.911591	0.075594
53.714977	73.708946	0.075594
53.758947	73.633011	0.075594
53.773805	73.607233	0.075594
53.788836	73.582429	0.075594
53.804517	73.556543	0.075594
53.833496	73.505435	0.075594
53.848272	73.480483	0.075594
53.863391	73.455730	0.075594
53.892483	73.404688	0.075594
53.937732	73.328034	0.075594
53.952499	73.303078	0.075594
53.967513	73.277390	0.075594
54.515675	72.355518	0.075594
54.530849	72.329320	0.075594
54.560391	72.279391	0.075594
54.574710	72.252717	0.075594
54.589095	72.227538	0.075594
54.692445	72.049844	0.075594
54.706580	72.024525	0.075594
54.721746	71.998323	0.075594
54.736670	71.973444	0.075594
54.912247	71.667106	0.075594
55.000574	71.514237	0.075594
55.029153	71.463771	0.075594
56.853723	68.321467	0.075594
56.897108	68.245192	0.075594
56.911327	68.219918	0.075594
56.926720	68.193868	0.075594
57.058230	67.964371	0.075594
57.087636	67.914385	0.075594
57.101515	67.888039	0.075594
57.131141	67.836723	0.075594
57.146146	67.811905	0.075594
59.525597	63.670446	0.075694
59.540156	63.645373	0.075694
59.555060	63.619607	0.075694
59.570104	63.594823	0.075694
59.585691	63.568008	0.075694
59.614851	63.516988	0.075694
59.658858	63.441068	0.075694
59.673510	63.415152	0.075694
59.687844	63.389945	0.075694
59.717675	63.339325	0.075694
59.819450	63.161038	0.075694
59.848798	63.110130	0.075694
59.878326	63.059330	0.075694
59.894069	63.034064	0.075694
59.908530	63.008933	0.075694
59.923055	62.982941	0.075694
59.937244	62.957648	0.075694
59.951985	62.931785	0.075694
59.982252	62.881425	0.075694
59.996039	62.855892	0.075694
60.041438	62.778446	0.075694
62.420709	58.660825	0.075594
62.508706	58.508396	0.075594
62.538890	58.457386	0.075594
62.553839	58.432528	0.075594
62.627785	58.305468	0.075594
62.641905	58.280139	0.075594
62.657934	58.253579	0.075594
62.702655	58.178934	0.075594
62.806008	58.000421	0.075594
62.925453	57.796842	0.075594
62.940611	57.772103	0.075594
62.954865	57.746850	0.075594
62.969921	57.722053	0.075594
63.713563	56.432288	0.075594
63.744041	56.382043	0.075594
63.772845	56.330249	0.075594
63.802605	56.279595	0.075594
63.816991	56.254417	0.075594
63.832611	56.228486	0.075594
63.846263	56.202890	0.075594
63.861571	56.178238	0.075594
63.875480	56.152788	0.075594
63.891252	56.126082	0.075594
63.906324	56.101295	0.075594
63.979966	55.974064	0.075594
63.993810	55.948577	0.075594
64.008325	55.923473	0.075594
64.052940	55.846452	0.075594
64.067843	55.821569	0.075594
64.112288	55.744450	0.075594
64.126897	55.719400	0.075594
64.156109	55.669295	0.075594
64.185622	55.617905	0.075594
64.199801	55.591748	0.075594
64.214474	55.566733	0.075594
64.228885	55.541570	0.075594
64.244247	55.515492	0.075594
64.258287	55.490117	0.075594
66.343801	51.884612	0.075594
66.357744	51.859176	0.075594
66.403934	51.782197	0.075594
66.434641	51.732976	0.075594
66.524807	51.580945	0.075594
66.629923	51.404641	0.075594
66.661590	51.353641	0.075594
67.939719	49.138844	0.075694
67.984004	49.063088	0.075694
68.073548	48.910353	0.075694
68.117267	48.834258	0.075694
68.161928	48.757824	0.075694
68.367639	48.402170	0.075694
68.383293	48.376850	0.075694
68.411980	48.325544	0.075694
68.442642	48.275421	0.075694
68.456551	48.249960	0.075694
69.831775	45.880662	0.075694
69.876177	45.804976	0.075694
69.890368	45.778788	0.075694
69.906029	45.754370	0.075694
69.949680	45.677341	0.075694
70.009286	45.576069	0.075694
70.038940	45.525344	0.075694
70.186445	45.269810	0.075694
70.245883	45.168439	0.075694
70.260762	45.143556	0.075694
70.275766	45.117850	0.075694
70.318747	45.041320	0.075694
70.348266	44.990516	0.075694
72.164406	41.821618	0.075694
72.178837	41.796468	0.075694
72.193831	41.770759	0.075694
72.207683	41.745268	0.075694
72.223049	41.719779	0.075694
72.253757	41.668222	0.075694
72.282513	41.616969	0.075694
72.651553	40.980955	0.075694
72.665556	40.955552	0.075694
74.085573	38.509653	0.075694
74.144127	38.408655	0.075694
74.160035	38.382027	0.075694
74.174668	38.356992	0.075694
74.188684	38.331602	0.075694
74.202823	38.306282	0.075694
74.217304	38.281159	0.075694
74.233642	38.254779	0.075694
74.261781	38.204060	0.075694
74.276673	38.179173	0.075694
74.291435	38.153344	0.075694
74.320892	38.101926	0.075694
74.350061	38.050931	0.075694
74.365285	38.026235	0.075694
74.379744	38.001099	0.075694
74.410025	37.949287	0.075694
74.424107	37.923934	0.075694
74.467578	37.848582	0.075694
74.497145	37.796359	0.075694
74.540805	37.720247	0.075694
76.096891	35.054508	0.075594
76.112063	35.028336	0.075594
76.126844	35.002505	0.075594
76.141154	34.977284	0.075594
76.155722	34.952215	0.075594
76.170604	34.926442	0.075594
76.185836	34.901763	0.075594
76.317287	34.671332	0.075594
76.332537	34.646663	0.075594
76.347002	34.620646	0.075594
76.435419	34.469047	0.075594
76.450081	34.442577	0.075594
76.522785	34.315375	0.075594
76.552932	34.264943	0.075594
76.596347	34.188677	0.075594
76.611529	34.163081	0.075594
76.627045	34.137113	0.075594
77.505187	32.622641	0.075594
77.519895	32.596777	0.075594
77.533925	32.571393	0.075594
77.591279	32.469702	0.075594
77.692564	32.289139	0.075594
77.707281	32.264153	0.075594
77.722533	32.238604	0.075594
77.779930	32.136937	0.075594
77.808661	32.085102	0.075594
77.851101	32.008282	0.075594
77.865965	31.982508	0.075594
77.881043	31.957731	0.075594
77.953012	31.829537	0.075594
77.982420	31.777221	0.075594
77.996343	31.751776	0.075594
78.010502	31.726468	0.075594
81.276836	26.064586	0.075594
81.291626	26.039641	0.075594
81.306265	26.013738	0.075594
81.335335	25.962099	0.075594
81.393768	25.861031	0.075594
81.408878	25.834815	0.075594
81.453555	25.759288	0.075594
81.468240	25.734283	0.075594
81.497504	25.681885	0.075594
81.614533	25.478386	0.075594
81.629772	25.453701	0.075594
81.644033	25.428452	0.075594
81.673812	25.376350	0.075594
81.702915	25.326187	0.075594
81.732960	25.274238	0.075594
81.747338	25.249056	0.075594
81.777210	25.198465	0.075594
81.805539	25.147855	0.075594
81.820798	25.121724	0.075594
81.835722	25.095986	0.075594
81.850440	25.071000	0.075594
83.913369	21.498961	0.075594
83.927738	21.472910	0.075594
84.354676	20.734669	0.075594
84.368632	20.709246	0.075594
86.748886	16.573528	0.075594
86.764660	16.547670	0.075594
86.807910	16.472186	0.075594
86.837218	16.420672	0.075594
87.115151	15.936723	0.075594
87.130271	15.910499	0.075594
87.145381	15.884879	0.075594
87.276914	15.656511	0.075594
87.292297	15.630434	0.075594
89.701308	11.443610	0.075494
89.715686	11.416972	0.075494
89.730970	11.392318	0.075494
89.744935	11.366017	0.075494
89.759921	11.341189	0.075494
89.773569	11.315583	0.075494
89.905045	11.085183	0.075494
89.992345	10.931480	0.075494
91.427542	8.444946	0.075494
91.457091	8.393563	0.075494
91.558717	8.214910	0.075494
91.573061	8.189707	0.075494
91.588676	8.163755	0.075494
91.777851	7.831799	0.075494
91.793203	7.807158	0.075494
91.807244	7.780330	0.075494
91.836272	7.730114	0.075494
91.851419	7.703901	0.075494
91.939622	7.550963	0.075494
91.954038	7.525800	0.075494
91.968477	7.500651	0.075494
91.982593	7.473864	0.075494
92.823181	6.013266	0.075494
92.837330	5.987952	0.075494
92.852713	5.961023	0.075494
92.881092	5.910442	0.075494
92.910115	5.860232	0.075494
92.924595	5.834240	0.075494
93.013213	5.680716	0.075494
93.232617	5.298745	0.075494
93.408166	4.993641	0.075494
94.188669	3.628758	0.075494
94.204170	3.604195	0.075494
94.291284	3.449188	0.075494
94.319725	3.398647	0.075494
94.334376	3.372157	0.075494
94.348599	3.346887	0.075494
94.362440	3.322243	0.075494
94.652991	2.809398	0.075494
94.696308	2.732491	0.075494
94.709832	2.706835	0.075494
0
0
