QVEPB 5.0

MM
133.704297038003	104.158220799207	3.061289887421
0.999879791020	0.015504951147	0.000000000000
-0.015504951147	0.999879791020	0.000000000000
0.000000000000	0.000000000000	1.000000000000
325
44.976425	-83.499064	0.170994
44.564638	-83.499080	0.170994
44.299912	-83.498967	0.170994
44.152832	-83.499355	0.170994
44.123421	-83.499370	0.170994
44.035178	-83.499196	0.170994
44.005746	-83.500018	0.170994
43.858680	-83.499848	0.170994
42.595000	-83.488579	0.170994
42.565596	-83.487891	0.170994
42.418472	-83.489563	0.170994
42.389081	-83.489583	0.170994
42.359641	-83.489582	0.170994
42.183099	-83.489757	0.170994
42.153726	-83.490834	0.170994
42.124272	-83.490038	0.170994
42.094899	-83.491139	0.170994
41.977178	-83.490584	0.170994
41.918365	-83.491732	0.170994
41.888934	-83.492263	0.170994
41.859546	-83.492505	0.170994
41.800660	-83.492137	0.170994
41.741843	-83.493009	0.170994
41.712446	-83.492724	0.170994
41.683011	-83.492997	0.170994
41.653556	-83.492161	0.170994
41.594731	-83.492577	0.170994
41.565297	-83.492893	0.170994
41.535916	-83.493549	0.170994
39.636806	-83.505321	0.170994
39.607384	-83.506174	0.170994
39.577984	-83.505744	0.170994
39.430961	-83.505324	0.170994
39.401539	-83.505777	0.170994
39.313339	-83.504926	0.170994
39.195695	-83.504926	0.170994
39.048670	-83.505774	0.170994
38.989849	-83.505440	0.170994
38.960449	-83.505346	0.170994
38.931048	-83.505296	0.170994
38.901647	-83.505732	0.170994
38.872226	-83.505240	0.170994
38.842827	-83.504629	0.170994
38.725204	-83.504557	0.170994
29.704909	-83.527081	0.170894
29.616688	-83.526630	0.170894
29.587289	-83.525876	0.170894
29.499066	-83.526339	0.170894
29.469645	-83.526601	0.170894
29.381445	-83.525430	0.170894
29.322624	-83.525332	0.170894
29.263822	-83.525399	0.170894
29.146182	-83.524108	0.170894
29.087382	-83.523496	0.170894
29.057980	-83.523947	0.170894
29.028559	-83.524113	0.170894
28.999161	-83.523033	0.170894
28.940357	-83.523764	0.170894
28.734515	-83.522292	0.170894
28.705095	-83.522096	0.170894
28.675695	-83.521902	0.170894
28.646295	-83.521611	0.170894
28.616893	-83.521796	0.170894
28.587473	-83.521627	0.170894
28.499251	-83.521679	0.170894
28.469851	-83.521443	0.170894
26.980625	-83.528202	0.170994
26.951179	-83.527485	0.170994
26.921787	-83.527553	0.170994
26.833524	-83.527842	0.170994
26.627592	-83.527290	0.170994
26.509934	-83.527447	0.170994
26.480512	-83.528535	0.170994
26.451109	-83.527817	0.170994
26.421681	-83.528419	0.170994
26.392278	-83.527728	0.170994
26.362847	-83.528095	0.170994
26.333450	-83.527863	0.170994
26.304025	-83.528689	0.170994
26.215756	-83.528472	0.170994
26.127532	-83.528468	0.170994
26.068709	-83.528926	0.170994
26.039265	-83.528354	0.170994
26.009828	-83.528276	0.170994
25.892181	-83.529303	0.170994
25.833350	-83.529186	0.170994
24.086390	-83.531290	0.170994
23.762898	-83.531077	0.170994
23.733498	-83.530198	0.170994
23.704074	-83.530117	0.170994
23.645276	-83.530367	0.170994
23.498229	-83.530077	0.170994
23.468830	-83.529682	0.170994
23.439406	-83.529873	0.170994
23.410007	-83.530211	0.170994
23.380607	-83.529894	0.170994
23.086515	-83.529904	0.170994
23.027691	-83.529524	0.170994
19.687448	-83.527848	0.170894
19.628620	-83.528016	0.170894
19.540366	-83.528934	0.170894
19.452142	-83.528867	0.170894
19.393312	-83.528854	0.170894
19.275628	-83.530308	0.170894
19.246229	-83.529928	0.170894
19.216799	-83.530396	0.170894
19.187407	-83.530509	0.170894
18.716762	-83.533334	0.170894
18.687325	-83.533346	0.170894
18.657933	-83.533418	0.170894
18.628488	-83.532773	0.170894
18.599065	-83.533791	0.170894
18.569663	-83.533165	0.170894
18.540225	-83.533055	0.170894
18.510835	-83.533291	0.170894
16.324005	-83.535661	0.170994
16.294605	-83.535076	0.170994
16.176954	-83.534801	0.170994
16.147559	-83.535626	0.170994
16.118159	-83.535052	0.170994
15.971111	-83.534794	0.170994
15.824065	-83.535330	0.170994
15.794638	-83.535131	0.170994
15.765242	-83.535681	0.170994
15.706417	-83.535490	0.170994
15.677018	-83.535294	0.170994
15.647589	-83.534526	0.170994
15.618189	-83.534205	0.170994
15.529967	-83.534277	0.170994
15.441748	-83.535275	0.170994
13.694457	-83.535225	0.170894
13.635633	-83.535704	0.170894
13.576761	-83.536091	0.170894
13.547370	-83.536181	0.170894
13.517925	-83.535817	0.170894
13.194277	-83.535511	0.170894
13.164874	-83.534819	0.170894
13.135447	-83.535586	0.170894
13.106045	-83.534987	0.170894
13.017777	-83.535133	0.170894
12.988330	-83.534659	0.170894
12.958938	-83.534710	0.170894
12.900069	-83.535264	0.170894
12.870669	-83.534765	0.170894
12.841229	-83.534734	0.170894
12.782389	-83.534237	0.170894
12.723564	-83.534639	0.170894
12.635290	-83.534387	0.170894
12.576469	-83.535040	0.170894
12.429313	-83.534653	0.170894
9.478010	-83.541272	0.170994
9.448585	-83.541541	0.170994
9.419185	-83.540911	0.170994
9.389787	-83.541149	0.170994
9.360363	-83.541684	0.170994
9.036870	-83.541527	0.170994
8.860423	-83.541089	0.170994
8.801600	-83.541230	0.170994
8.772202	-83.541395	0.170994
8.683976	-83.540262	0.170994
8.507533	-83.541026	0.170994
8.478104	-83.540115	0.170994
8.448707	-83.540676	0.170994
8.419282	-83.540839	0.170994
8.301660	-83.540536	0.170994
8.213437	-83.540411	0.170994
2.869784	-83.506937	0.170894
2.695882	-83.545797	0.170894
2.637645	-83.563855	0.170894
-0.034912	-83.557029	0.170894
-0.093734	-83.556438	0.170894
-0.152533	-83.555681	0.170894
-0.181956	-83.555859	0.170894
-0.299578	-83.554279	0.170894
-0.387800	-83.554098	0.170894
-0.417200	-83.553796	0.170894
-1.005356	-83.550379	0.170894
-1.181778	-83.550384	0.170894
-1.211201	-83.549837	0.170894
-2.345294	-83.551839	0.170994
-2.462894	-83.550019	0.170994
-2.492302	-83.550114	0.170994
-2.698128	-83.548599	0.170994
-2.786353	-83.548834	0.170994
-2.903955	-83.547144	0.170994
-2.962776	-83.547563	0.170994
-3.197989	-83.544804	0.170994
-3.227389	-83.544339	0.170994
-3.286199	-83.544090	0.170994
-3.345016	-83.544271	0.170994
-3.374420	-83.544094	0.170994
-3.521434	-83.542701	0.170994
-9.205403	-83.549145	0.170794
-9.499560	-83.554563	0.170794
-9.558395	-83.555870	0.170794
-9.587820	-83.556994	0.170794
-9.676069	-83.558762	0.170794
-9.764321	-83.560669	0.170794
-9.970220	-83.563813	0.170794
-9.999632	-83.564106	0.170794
-10.058471	-83.565684	0.170794
-16.394629	-83.553793	0.170794
-16.424018	-83.554218	0.170794
-16.482835	-83.555253	0.170794
-16.629923	-83.555625	0.170794
-16.894650	-83.557649	0.170794
-16.924048	-83.557351	0.170794
-17.071131	-83.558177	0.170794
-17.100518	-83.558847	0.170794
-17.129950	-83.559017	0.170794
-17.218165	-83.559789	0.170794
-17.541719	-83.561975	0.170794
-17.571157	-83.561612	0.170794
-17.659373	-83.562315	0.170794
-17.718198	-83.562615	0.170794
-17.777026	-83.562737	0.170794
-17.806463	-83.562435	0.170794
-18.585943	-83.597009	0.171094
-18.703577	-83.597570	0.171094
-18.879990	-83.595942	0.171094
-18.938797	-83.595694	0.171094
-19.085808	-83.594366	0.171094
-19.556267	-83.591599	0.171094
-19.644483	-83.591570	0.171094
-20.462970	-83.553692	0.170794
-21.345168	-83.550555	0.170794
-21.433389	-83.549490	0.170794
-21.639234	-83.549393	0.170794
-25.312512	-83.491601	0.207494
-25.400735	-83.491728	0.207494
-26.460265	-83.546782	0.207494
-28.525728	-83.539551	0.085794
-28.555144	-83.540105	0.085794
-28.613955	-83.539890	0.085794
-28.731583	-83.539890	0.085794
-28.760999	-83.540453	0.085794
-29.025659	-83.540151	0.085794
-29.055052	-83.539268	0.085794
-29.084461	-83.539422	0.085794
-29.113872	-83.539684	0.085794
-29.143279	-83.539636	0.085794
-29.172689	-83.539822	0.085794
-29.260907	-83.539643	0.085794
-29.290307	-83.539157	0.085794
-29.319714	-83.539170	0.085794
-29.349119	-83.539000	0.085794
-29.407926	-83.538546	0.085794
-29.437338	-83.538880	0.085794
-29.466746	-83.538921	0.085794
-29.496160	-83.539394	0.085794
-29.525556	-83.538686	0.085794
-29.554959	-83.538430	0.085794
-29.584378	-83.539136	0.085794
-29.643189	-83.538924	0.085794
-29.702009	-83.539291	0.085794
-29.760824	-83.539350	0.085794
-29.790232	-83.539416	0.085794
-32.467237	-83.543113	0.086594
-32.526061	-83.542954	0.086594
-32.702505	-83.543564	0.086594
-32.878950	-83.543937	0.086594
-32.996574	-83.542777	0.086594
-33.084821	-83.543393	0.086594
-33.114219	-83.543842	0.086594
-33.143620	-83.542860	0.086594
-33.173044	-83.543345	0.086594
-33.202442	-83.543488	0.086594
-33.408287	-83.543230	0.086594
-33.496534	-83.544146	0.086594
-33.525934	-83.543775	0.086594
-33.555332	-83.544260	0.086594
-33.614157	-83.543548	0.086594
-37.904539	-83.541778	0.086794
-37.933929	-83.540696	0.086794
-37.963353	-83.541783	0.086794
-37.992751	-83.541182	0.086794
-38.169198	-83.541458	0.086794
-38.228003	-83.540878	0.086794
-38.286817	-83.540891	0.086794
-38.316223	-83.540806	0.086794
-38.345645	-83.541722	0.086794
-38.375051	-83.541657	0.086794
-38.404447	-83.540985	0.086794
-38.433866	-83.541720	0.086794
-38.463266	-83.541297	0.086794
-38.551506	-83.542425	0.086794
-38.580899	-83.541581	0.086794
-38.639718	-83.541884	0.086794
-38.669124	-83.541803	0.086794
-38.727929	-83.541195	0.086794
-38.757352	-83.542226	0.086794
-38.786764	-83.542535	0.086794
-38.816162	-83.541908	0.086794
-38.874982	-83.542284	0.086794
-38.904393	-83.542536	0.086794
-38.933784	-83.541560	0.086794
-41.124642	-83.533244	0.086694
-41.154070	-83.532895	0.086694
-41.301113	-83.534011	0.086694
-41.359912	-83.533256	0.086694
-42.418634	-83.535210	0.086694
-43.094373	-83.534669	0.086594
-43.123786	-83.535067	0.086594
-43.153182	-83.534346	0.086594
-43.182590	-83.534376	0.086594
-43.653043	-83.530543	0.086594
-43.829462	-83.529055	0.086594
-43.858864	-83.528743	0.086594
-43.976483	-83.528168	0.086594
-44.005884	-83.527740	0.086594
-44.182308	-83.526574	0.086594
-44.211711	-83.526302	0.086594
-44.121884	-83.526503	0.086594
-44.327704	-83.524614	0.086594
-44.357109	-83.524513	0.086594
-44.386497	-83.523280	0.086594
-44.474700	-83.522126	0.086594
-44.504100	-83.521684	0.086594
-44.621713	-83.520739	0.086594
-44.651123	-83.520928	0.086594
-44.680522	-83.520371	0.086594
-44.768722	-83.519026	0.086594
-44.856934	-83.518439	0.086594
-44.945140	-83.517463	0.086594
-45.033344	-83.516402	0.086594
0
0
