QVEPB 5.0

MM
133.704297038003	104.158220799207	3.061289887421
0.999879791020	0.015504951147	0.000000000000
-0.015504951147	0.999879791020	0.000000000000
0.000000000000	0.000000000000	1.000000000000
344
-95.091738	2.376729	0.086494
-95.061596	2.426277	0.086494
-94.912675	2.680416	0.086494
-94.808240	2.857445	0.086494
-94.792708	2.883424	0.086494
-94.777866	2.908336	0.086494
-94.763809	2.933724	0.086494
-94.688801	3.060771	0.086494
-94.673264	3.085264	0.086494
-94.658406	3.111032	0.086494
-94.598727	3.211978	0.086494
-94.569041	3.263285	0.086494
-93.596568	4.932542	0.086394
-93.581624	4.958874	0.086394
-93.567605	4.983426	0.086394
-93.553742	5.008907	0.086394
-93.524269	5.060330	0.086394
-93.479622	5.137111	0.086394
-93.450330	5.187156	0.086394
-93.435004	5.213264	0.086394
-93.420758	5.238520	0.086394
-93.406225	5.264255	0.086394
-93.392085	5.289574	0.086394
-93.377621	5.314703	0.086394
-93.362189	5.340748	0.086394
-93.332304	5.391930	0.086394
-93.288866	5.467936	0.086394
-93.259572	5.519463	0.086394
-93.246111	5.544342	0.086394
-93.084244	5.824886	0.086394
-93.069818	5.850037	0.086394
-93.040606	5.901613	0.086394
-93.025084	5.927606	0.086394
-92.211063	7.340681	0.086494
-92.196746	7.365062	0.086494
-92.181171	7.391027	0.086494
-92.167357	7.416529	0.086494
-92.152497	7.442908	0.086494
-92.137287	7.466772	0.086494
-92.122205	7.493023	0.086494
-92.108869	7.518802	0.086494
-92.093175	7.544698	0.086494
-92.063625	7.595242	0.086494
-92.049556	7.620596	0.086494
-92.035069	7.645708	0.086494
-92.019500	7.671676	0.086494
-92.005484	7.696232	0.086494
-91.990996	7.722827	0.086494
-91.975527	7.747369	0.086494
-91.960213	7.773486	0.086494
-91.916601	7.849389	0.086494
-91.903010	7.875019	0.086494
-91.873119	7.925366	0.086494
-91.858399	7.951826	0.086494
-91.828932	8.003248	0.086494
-91.814618	8.027631	0.086494
-91.799677	8.053964	0.086494
-91.754478	8.129775	0.086494
-91.710854	8.205671	0.086494
-91.696350	8.232256	0.086494
-91.681575	8.256372	0.086494
-91.667315	8.283100	0.086494
-90.831411	9.748398	0.086494
-90.816898	9.774982	0.086494
-90.802583	9.800198	0.086494
-90.787236	9.826294	0.086494
-90.743377	9.902891	0.086494
-90.729097	9.927290	0.086494
-90.360658	10.563833	0.086494
-90.346681	10.589893	0.086494
-90.316881	10.641125	0.086494
-90.301707	10.665838	0.086494
-90.257604	10.741454	0.086494
-90.243471	10.768261	0.086494
-90.214282	10.818366	0.086494
-90.184009	10.869320	0.086494
-89.108885	12.731940	0.086494
-89.093566	12.756570	0.086494
-89.063895	12.807873	0.086494
-89.005250	12.910054	0.086494
-88.814344	13.241431	0.086494
-88.800309	13.265976	0.086494
-88.771014	13.317498	0.086494
-88.741668	13.368160	0.086494
-88.726249	13.392731	0.086494
-88.697684	13.444676	0.086494
-88.652247	13.521004	0.086494
-86.759749	16.798495	0.086594
-86.744522	16.823878	0.086594
-86.729497	16.849373	0.086594
-86.715029	16.874477	0.086594
-86.657103	16.976956	0.086594
-86.641046	17.002669	0.086594
-86.480257	17.282792	0.086594
-86.450366	17.333172	0.086594
-86.435401	17.358700	0.086594
-86.421762	17.384958	0.086594
-86.406332	17.409533	0.086594
-86.377152	17.461787	0.086594
-86.230961	17.715395	0.086594
-86.214920	17.741117	0.086594
-86.200738	17.767075	0.086594
-86.186274	17.791396	0.086594
-84.801160	20.183560	0.086594
-84.785874	20.209694	0.086594
-84.772141	20.234416	0.086594
-84.727113	20.310994	0.086594
-84.712527	20.336043	0.086594
-84.697405	20.362270	0.086594
-84.654115	20.437541	0.086594
-84.624230	20.488717	0.086594
-84.608935	20.514033	0.086594
-84.594747	20.539308	0.086594
-84.580325	20.565121	0.086594
-84.564171	20.590762	0.086594
-84.550090	20.616098	0.086594
-84.535124	20.641601	0.086594
-84.387106	20.895841	0.086594
-84.195234	21.226515	0.086594
-84.181539	21.251258	0.086594
-84.166745	21.277672	0.086594
-84.151557	21.303049	0.086594
-82.007019	25.011909	0.086594
-81.992438	25.036965	0.086594
-81.977045	25.063036	0.086594
-81.963280	25.087737	0.086594
-81.947674	25.113686	0.086594
-81.933278	25.138848	0.086594
-81.846684	25.292500	0.086594
-81.788421	25.394901	0.086594
-81.773507	25.420423	0.086594
-81.758463	25.445212	0.086594
-81.714973	25.522668	0.086594
-81.700705	25.547905	0.086594
-81.685801	25.574257	0.086594
-81.655929	25.624619	0.086594
-81.641595	25.649817	0.086594
-81.626905	25.675469	0.086594
-81.597421	25.726879	0.086594
-81.583075	25.752070	0.086594
-81.568741	25.777927	0.086594
-81.553968	25.802872	0.086594
-81.525261	25.853905	0.086594
-80.679780	27.320824	0.086594
-80.664647	27.347045	0.086594
-80.650511	27.372369	0.086594
-80.635653	27.397268	0.086594
-80.606555	27.448913	0.086594
-80.547329	27.550756	0.086594
-80.532498	27.575670	0.086594
-80.516981	27.601665	0.086594
-80.502467	27.626767	0.086594
-80.487980	27.651042	0.086594
-80.473615	27.677715	0.086594
-80.458771	27.702622	0.086594
-80.443246	27.728612	0.086594
-80.428515	27.753586	0.086594
-80.206772	28.134951	0.086594
-80.192880	28.161061	0.086594
-80.177443	28.185619	0.086594
-80.163572	28.211099	0.086594
-79.042617	30.167770	0.086594
-79.026667	30.193517	0.086594
-79.012331	30.218717	0.086594
-78.982945	30.269356	0.086594
-78.968755	30.294641	0.086594
-78.953893	30.321019	0.086594
-78.880816	30.447515	0.086594
-78.866270	30.474076	0.086594
-78.822246	30.549740	0.086594
-78.763872	30.652080	0.086594
-78.733489	30.702970	0.086594
-78.705392	30.754357	0.086594
-78.690840	30.779431	0.086594
-78.675740	30.805672	0.086594
-78.660667	30.830444	0.086594
-78.646240	30.854761	0.086594
-78.631306	30.881098	0.086594
-78.617412	30.906554	0.086594
-78.513855	31.085368	0.086594
-78.499870	31.110771	0.086594
-78.470576	31.161464	0.086594
-76.817066	34.028595	0.086694
-76.802756	34.053824	0.086694
-76.787646	34.079202	0.086694
-76.700776	34.232942	0.086694
-76.452894	34.666503	0.086694
-76.437798	34.692745	0.086694
-76.422819	34.717574	0.086694
-74.983994	37.191593	0.086594
-74.968490	37.216773	0.086594
-74.909925	37.319000	0.086594
-74.530352	37.982874	0.086594
-74.516111	38.008784	0.086594
-74.485761	38.059694	0.086594
-74.384311	38.238244	0.086594
-72.788362	40.981193	0.086694
-72.744088	41.058192	0.086694
-72.730297	41.083719	0.086694
-72.612681	41.287253	0.086694
-72.555028	41.390020	0.086694
-72.540558	41.415147	0.086694
-72.525019	41.441129	0.086694
-72.496490	41.491625	0.086694
-72.481853	41.518137	0.086694
-72.467545	41.543360	0.086694
-72.452700	41.568908	0.086694
-71.058510	43.986253	0.086694
-71.015606	44.064042	0.086694
-71.000260	44.090142	0.086694
-70.942898	44.192237	0.086694
-70.928863	44.217601	0.086694
-70.913041	44.243429	0.086694
-70.855539	44.345445	0.086694
-70.840970	44.370504	0.086694
-70.739545	44.549727	0.086694
-70.710532	44.601401	0.086694
-70.681685	44.652353	0.086694
-70.623605	44.754039	0.086694
-70.551267	44.882445	0.086694
-70.536945	44.907646	0.086694
-68.865805	47.782750	0.086694
-68.851252	47.809306	0.086694
-68.821964	47.858520	0.086694
-68.806961	47.884816	0.086694
-68.792647	47.910026	0.086694
-68.778428	47.935949	0.086694
-68.733317	48.011812	0.086694
-68.718852	48.038418	0.086694
-68.704307	48.062670	0.086694
-68.659514	48.140199	0.086694
-68.440247	48.521322	0.086694
-68.425733	48.547901	0.086694
-68.410827	48.571943	0.086694
-68.395621	48.598122	0.086694
-68.381232	48.623290	0.086694
-68.366712	48.649865	0.086694
-68.352557	48.675167	0.086694
-68.337398	48.700547	0.086694
-68.322870	48.725634	0.086694
-66.972531	51.082725	0.086794
-66.914010	51.184344	0.086794
-66.840082	51.311178	0.086794
-66.825510	51.337730	0.086794
-66.811032	51.362854	0.086794
-66.796634	51.388025	0.086794
-66.588697	51.743874	0.086794
-66.574780	51.769329	0.086794
-66.530847	51.845890	0.086794
-66.456895	51.972709	0.086794
-66.412121	52.048773	0.086794
-65.120015	54.268337	0.086594
-65.076872	54.345340	0.086594
-65.032962	54.421071	0.086594
-65.018726	54.447812	0.086594
-64.859758	54.729200	0.086594
-64.757289	54.907991	0.086594
-64.729255	54.959414	0.086594
-64.656239	55.086776	0.086594
-64.642615	55.112388	0.086594
-64.613852	55.163389	0.086594
-64.598817	55.189667	0.086594
-64.555315	55.265633	0.086594
-63.283717	57.468226	0.086594
-63.269167	57.493306	0.086594
-63.254583	57.518366	0.086594
-63.164714	57.670945	0.086594
-63.105195	57.771972	0.086594
-63.090069	57.798197	0.086594
-62.912265	58.101525	0.086594
-62.807978	58.279261	0.086594
-60.265073	62.668941	0.086594
-60.250908	62.694248	0.086594
-60.235400	62.718764	0.086594
-60.220234	62.744966	0.086594
-60.177033	62.821112	0.086594
-60.162132	62.845985	0.086594
-60.146792	62.872084	0.086594
-60.117987	62.923901	0.086594
-60.103455	62.948991	0.086594
-59.941677	63.228106	0.086594
-59.926533	63.254320	0.086594
-59.896894	63.304163	0.086594
-59.881142	63.330020	0.086594
-59.808001	63.457315	0.086594
-59.778467	63.508703	0.086594
-59.764565	63.533323	0.086594
-59.749081	63.557854	0.086594
-59.690160	63.660717	0.086594
-59.675412	63.685680	0.086594
-59.646138	63.736380	0.086594
-56.437013	69.304120	0.086694
-56.422645	69.330776	0.086694
-56.378085	69.406137	0.086694
-56.349193	69.457065	0.086694
-56.333325	69.482868	0.086694
-56.319666	69.507632	0.086694
-56.275606	69.584760	0.086694
-56.246471	69.635549	0.086694
-56.215877	69.686322	0.086694
-56.157670	69.787937	0.086694
-56.127936	69.838386	0.086694
-56.054267	69.966847	0.086694
-56.025078	70.017606	0.086694
-55.995935	70.068391	0.086694
-55.965757	70.118587	0.086694
-55.907091	70.220753	0.086694
-55.863188	70.297971	0.086694
-53.636437	74.153418	0.086694
-53.622008	74.177741	0.086694
-53.562157	74.280714	0.086694
-53.547064	74.305475	0.086694
-53.517363	74.355940	0.086694
-53.249412	74.812876	0.086694
-53.235357	74.838229	0.086694
-53.220694	74.863903	0.086694
-53.205504	74.888607	0.086694
-53.116844	75.041072	0.086694
-53.087091	75.091508	0.086694
-53.071059	75.117216	0.086694
-51.803500	77.312603	0.086594
-51.789429	77.339429	0.086594
-51.657343	77.569385	0.086594
-51.629248	77.620767	0.086594
-51.512309	77.825323	0.086594
-51.470173	77.901251	0.086594
-51.411693	78.003523	0.086594
-51.296022	78.207988	0.086594
-51.237281	78.310112	0.086594
-51.207466	78.361997	0.086594
-51.193549	78.387428	0.086594
-50.509863	79.592331	0.086594
-50.480433	79.642952	0.086594
-50.465002	79.669004	0.086594
-50.450230	79.694618	0.086594
-50.391650	79.796833	0.086594
-50.347084	79.872191	0.086594
-50.332449	79.897882	0.086594
-50.243723	80.050312	0.086594
-50.228570	80.076521	0.086594
-50.215471	80.101603	0.086594
-50.037482	80.406827	0.086594
-50.008464	80.458496	0.086594
-49.949825	80.559864	0.086594
0
0
