QVEPB 5.0

MM
133.203245414918	104.021450563522	3.325228169759
0.999667553990	0.025783357023	0.000000000000
-0.025783357023	0.999667553990	0.000000000000
0.000000000000	0.000000000000	1.000000000000
187
-43.908673	-83.451018	-0.228828
-43.762389	-83.452167	-0.228828
-43.725811	-83.451429	-0.228828
-43.652695	-83.452606	-0.228828
-43.616173	-83.452551	-0.228828
-43.543000	-83.453193	-0.228828
-43.250508	-83.453823	-0.228828
-43.177400	-83.453961	-0.228828
-43.140810	-83.454767	-0.228828
-43.104298	-83.453368	-0.228828
-41.280970	-83.421272	-0.209244
-40.781220	-83.438709	-0.209244
-40.428380	-83.443159	-0.209244
-38.536507	-83.460663	-0.121744
-38.023486	-83.463933	-0.256844
-37.994052	-83.463885	-0.256844
-37.905794	-83.463544	-0.256844
-37.846965	-83.464635	-0.256844
-37.229183	-83.467945	-0.256844
-37.199748	-83.468211	-0.256844
-37.170311	-83.469123	-0.256844
-35.627284	-83.472669	-0.273444
-35.597850	-83.472342	-0.273444
-35.568408	-83.473132	-0.273444
-35.450761	-83.472738	-0.273444
-35.244795	-83.473669	-0.273444
-35.215406	-83.473835	-0.273444
-35.185975	-83.472930	-0.273444
-35.156534	-83.473553	-0.273444
-35.127150	-83.473020	-0.273444
-35.038885	-83.473466	-0.273444
-34.434490	-83.429104	-0.124944
-33.816390	-83.470406	-0.124944
-33.757521	-83.469758	-0.124944
-31.345506	-83.418475	-0.130644
-31.198341	-83.428706	-0.130644
-30.609587	-83.475420	-0.130644
-26.465252	-83.450004	-0.130544
-24.658093	-83.482742	-0.130344
-24.628672	-83.482445	-0.130344
-24.393378	-83.482981	-0.130344
-24.187510	-83.483954	-0.130344
-24.069877	-83.484758	-0.130344
-23.746352	-83.485654	-0.130344
-23.658113	-83.485687	-0.130344
-23.628713	-83.486213	-0.130344
-23.599311	-83.486641	-0.130344
-22.710294	-83.417955	-0.130444
-22.680860	-83.417737	-0.130444
-22.592598	-83.417837	-0.130444
-22.445521	-83.416451	-0.130444
-22.416134	-83.416048	-0.130444
-21.768966	-83.408131	-0.130444
-20.198523	-83.485530	-0.147844
-19.933743	-83.486051	-0.147844
-19.874918	-83.485974	-0.147844
-19.845482	-83.486341	-0.147844
-19.816052	-83.485125	-0.147844
-19.786660	-83.485635	-0.147844
-19.757223	-83.486380	-0.147844
-19.698398	-83.486235	-0.147844
-19.551318	-83.485262	-0.147844
-16.657482	-83.488051	-0.147344
-16.510394	-83.487231	-0.147344
-16.422148	-83.487017	-0.147344
-16.392746	-83.487468	-0.147344
-16.363305	-83.486418	-0.147344
-16.304472	-83.486178	-0.147344
-16.245671	-83.487160	-0.147344
-16.216244	-83.486644	-0.147344
-15.510263	-83.484445	-0.147344
-13.003541	-83.452107	-0.147244
-12.150207	-83.487726	-0.147244
-12.120763	-83.488945	-0.147244
-11.459426	-83.488762	-0.147244
-11.429990	-83.488914	-0.147244
-11.400555	-83.488810	-0.147244
-11.194648	-83.488185	-0.147244
-10.871048	-83.487048	-0.147244
-10.488630	-83.484682	-0.147244
-10.429756	-83.485166	-0.147244
0.412529	-83.404582	-0.147244
0.441964	-83.404191	-0.147244
0.736177	-83.408946	-0.147244
0.765617	-83.409292	-0.147244
0.942164	-83.411928	-0.147244
0.971549	-83.411669	-0.147244
1.000996	-83.412762	-0.147244
3.133255	-83.495842	-0.080244
3.162691	-83.496888	-0.080244
3.515502	-83.415669	-0.080244
4.609502	-83.501047	-0.080844
4.756600	-83.502607	-0.080844
4.932607	-83.438791	-0.080844
7.279290	-83.501068	-0.081044
7.308726	-83.501093	-0.081044
7.661769	-83.500710	-0.081044
7.720593	-83.500619	-0.081044
8.044192	-83.499298	-0.081044
8.073630	-83.499496	-0.081044
8.161845	-83.499860	-0.081044
8.437711	-83.498820	-0.081044
8.496528	-83.497639	-0.081044
9.378569	-83.417973	-0.081044
9.850231	-83.444598	-0.081044
9.938582	-83.456224	-0.081044
10.321372	-83.502636	-0.081044
11.553427	-83.415654	-0.172944
11.582860	-83.415146	-0.172944
11.700550	-83.414147	-0.172944
11.847637	-83.414609	-0.172944
11.877027	-83.414647	-0.172944
11.935895	-83.414301	-0.172944
11.994718	-83.413914	-0.172944
12.053544	-83.414159	-0.172944
12.112370	-83.414304	-0.172944
12.141804	-83.414170	-0.172944
12.230065	-83.414447	-0.172944
18.230987	-83.494599	-0.172244
18.289864	-83.495592	-0.172244
18.348687	-83.495207	-0.172244
18.436942	-83.494242	-0.172244
18.672291	-83.494867	-0.172244
18.701729	-83.495241	-0.172244
18.819376	-83.494745	-0.172244
18.848807	-83.494025	-0.172244
18.878200	-83.494648	-0.172244
18.907638	-83.495009	-0.172244
18.937068	-83.494005	-0.172244
18.966458	-83.494259	-0.172244
18.995898	-83.494873	-0.172244
20.075343	-83.414597	-0.172244
20.310688	-83.414148	-0.172244
20.398951	-83.414206	-0.172244
21.739619	-83.504176	-0.120344
22.063213	-83.501978	-0.120344
22.386798	-83.498661	-0.120344
22.416251	-83.500788	-0.120344
23.453456	-83.505990	-0.254444
23.571108	-83.506350	-0.254444
23.747622	-83.505078	-0.254444
24.188929	-83.504706	-0.254444
24.336008	-83.503772	-0.254444
24.365446	-83.503830	-0.254444
24.394835	-83.504066	-0.254444
24.911071	-83.464081	-0.120344
26.102732	-83.496038	-0.120844
26.132120	-83.495675	-0.120844
26.190992	-83.495855	-0.120844
26.279257	-83.496887	-0.120844
26.455738	-83.498062	-0.120844
26.485179	-83.499042	-0.120844
26.514615	-83.499228	-0.120844
26.573442	-83.499627	-0.120844
27.435843	-83.410345	-0.121044
28.347973	-83.480216	-0.121044
28.377413	-83.482861	-0.121044
29.599431	-83.494101	-0.121044
29.717084	-83.494650	-0.121044
30.158416	-83.499052	-0.121044
34.674437	-83.502030	-0.306244
34.703837	-83.502469	-0.306244
34.762666	-83.501806	-0.306244
34.850901	-83.501817	-0.306244
35.056755	-83.502520	-0.306244
35.086154	-83.502995	-0.306244
35.115565	-83.502850	-0.306244
35.144961	-83.503509	-0.306244
35.174380	-83.502920	-0.306244
35.203790	-83.503342	-0.306244
35.321419	-83.503563	-0.306244
35.409649	-83.503829	-0.306244
35.439049	-83.504241	-0.306244
35.978778	-83.469969	-0.115144
36.243659	-83.497825	-0.115144
38.476603	-83.414064	-0.174944
38.535432	-83.414973	-0.174944
39.182723	-83.433259	-0.174944
40.602900	-83.479655	-0.174444
40.632336	-83.479514	-0.174444
41.103048	-83.481589	-0.174444
41.279575	-83.482137	-0.174444
41.338401	-83.482340	-0.174444
44.428459	-83.417627	-0.174344
44.457848	-83.417117	-0.174344
44.693178	-83.413164	-0.174344
45.222710	-83.406172	-0.174344
0
0
