QVEPB 5.0

MM
133.678323302521	104.058623899981	3.041089887421
0.999773221464	0.021295671941	0.000000000000
-0.021295671941	0.999773221464	0.000000000000
0.000000000000	0.000000000000	1.000000000000
19
0.067759	79.923332	0.285200
0.063887	79.922092	0.285200
-0.077978	79.934182	0.285200
-0.079921	79.935824	0.285200
-0.086083	79.939251	0.285200
-0.089352	79.942198	0.285200
-0.090008	79.945727	0.285200
-0.089264	79.948778	0.285200
-0.046353	80.085862	0.285200
-0.042145	80.085676	0.285200
-0.037956	80.087056	0.285200
-0.031668	80.089981	0.285200
-0.028074	80.092845	0.285200
-0.021767	80.082430	0.285200
0.039093	80.083435	0.285200
0.042071	80.080853	0.285200
0.062682	80.073316	0.285200
0.091276	79.990467	0.285200
0.092238	79.986901	0.285200
0
0
