QVEPB 5.0

MM
133.678323302521	104.058623899981	3.041089887421
0.999773221464	0.021295671941	0.000000000000
-0.021295671941	0.999773221464	0.000000000000
0.000000000000	0.000000000000	1.000000000000
309
45.154851	-83.416981	0.170994
45.066510	-83.421056	0.170994
45.037082	-83.421662	0.170994
44.978205	-83.423797	0.170994
44.948773	-83.424611	0.170994
43.918256	-83.468338	0.170994
43.888832	-83.468835	0.170994
43.829940	-83.471542	0.170994
43.800498	-83.472593	0.170994
42.535297	-83.465817	0.170994
42.505866	-83.466463	0.170994
42.476427	-83.466636	0.170994
42.447032	-83.466072	0.170994
42.388140	-83.465444	0.170994
42.358698	-83.465388	0.170994
41.799527	-83.461445	0.170994
39.489567	-83.376336	0.170994
38.636634	-83.490821	0.170994
38.607237	-83.490944	0.170994
29.881919	-83.508088	0.170894
29.852522	-83.507968	0.170894
29.823096	-83.507574	0.170894
29.705475	-83.507888	0.170894
29.264333	-83.508897	0.170894
29.234908	-83.508122	0.170894
29.146685	-83.508468	0.170894
29.117287	-83.508851	0.170894
29.087859	-83.509194	0.170894
29.058461	-83.509382	0.170894
29.029065	-83.508608	0.170894
28.970239	-83.509491	0.170894
28.911416	-83.508326	0.170894
28.823193	-83.508973	0.170894
28.793796	-83.508648	0.170894
28.764367	-83.509832	0.170894
28.734971	-83.509176	0.170894
28.676145	-83.509608	0.170894
28.646749	-83.508829	0.170894
28.529099	-83.509231	0.170894
28.499701	-83.509708	0.170894
28.470275	-83.508946	0.170894
26.978414	-83.510447	0.170994
26.301750	-83.511768	0.170994
26.272317	-83.512212	0.170994
26.242877	-83.511921	0.170994
26.066355	-83.512558	0.170994
26.036970	-83.512963	0.170994
26.007533	-83.513076	0.170994
24.173820	-83.509271	0.170994
23.438556	-83.514187	0.170994
23.379731	-83.514283	0.170994
23.350303	-83.514256	0.170994
23.320906	-83.514722	0.170994
23.291478	-83.515147	0.170994
23.056210	-83.517411	0.170994
22.997385	-83.518117	0.170994
19.774577	-83.519863	0.170894
19.745173	-83.518575	0.170894
19.598034	-83.518734	0.170894
19.568596	-83.518683	0.170894
19.539199	-83.517996	0.170894
19.421493	-83.517741	0.170894
19.362663	-83.517488	0.170894
19.333227	-83.517711	0.170894
19.303788	-83.517609	0.170894
19.215522	-83.517485	0.170894
19.186136	-83.517808	0.170894
19.156695	-83.517513	0.170894
18.803610	-83.515367	0.170894
18.656470	-83.515372	0.170894
18.627076	-83.515006	0.170894
18.597636	-83.514777	0.170894
18.568200	-83.514954	0.170894
18.538805	-83.514494	0.170894
18.509372	-83.514893	0.170894
16.675439	-83.520587	0.170994
16.646043	-83.520010	0.170994
16.616613	-83.520324	0.170994
16.587219	-83.520507	0.170994
16.381311	-83.520226	0.170994
16.351919	-83.521334	0.170994
16.322487	-83.520743	0.170994
16.234268	-83.521330	0.170994
16.204838	-83.521229	0.170994
16.175442	-83.520907	0.170994
16.116620	-83.522175	0.170994
16.028364	-83.522050	0.170994
15.969538	-83.522047	0.170994
15.881318	-83.522061	0.170994
15.763669	-83.522904	0.170994
15.734238	-83.522513	0.170994
15.704843	-83.522638	0.170994
15.675414	-83.522968	0.170994
15.646018	-83.522801	0.170994
15.587194	-83.523159	0.170994
15.410718	-83.523225	0.170994
9.506790	-83.537469	0.171094
9.477361	-83.537887	0.171094
9.389141	-83.538379	0.171094
9.359710	-83.537345	0.171094
9.330314	-83.537375	0.171094
9.300885	-83.537802	0.171094
9.271490	-83.538095	0.171094
9.242060	-83.538065	0.171094
9.212665	-83.537860	0.171094
9.153840	-83.538323	0.171094
9.124410	-83.538320	0.171094
9.065584	-83.537461	0.171094
9.036188	-83.537403	0.171094
9.006758	-83.537383	0.171094
8.977363	-83.537620	0.171094
8.918538	-83.537766	0.171094
8.830316	-83.536984	0.171094
8.800887	-83.537158	0.171094
8.712667	-83.537563	0.171094
8.683237	-83.537552	0.171094
8.653841	-83.537226	0.171094
8.595017	-83.537665	0.171094
8.565587	-83.537807	0.171094
8.506761	-83.537490	0.171094
8.447936	-83.537381	0.171094
8.418539	-83.536720	0.171094
3.754600	-83.547575	0.170894
3.725117	-83.547033	0.170894
3.695637	-83.546568	0.170894
3.666202	-83.547255	0.170894
3.579184	-83.546967	0.170894
3.343312	-83.546992	0.170894
3.313869	-83.547448	0.170894
3.284415	-83.547639	0.170894
3.254860	-83.547558	0.170894
3.225397	-83.547523	0.170894
3.195937	-83.547572	0.170894
3.166469	-83.547397	0.170894
3.137006	-83.547379	0.170894
3.107448	-83.547224	0.170894
3.048516	-83.546984	0.170894
3.019071	-83.547402	0.170894
2.989539	-83.547911	0.170894
0.082105	-83.550361	0.170794
0.052672	-83.548224	0.170794
-0.771012	-83.423641	0.170794
-2.374245	-83.552061	0.170894
-2.403644	-83.551605	0.170894
-2.433060	-83.552388	0.170894
-2.462482	-83.552770	0.170894
-2.933001	-83.553916	0.170894
-2.991802	-83.553197	0.170894
-3.021215	-83.553837	0.170894
-3.403521	-83.555080	0.170894
-3.432943	-83.555434	0.170894
-3.462345	-83.555191	0.170894
-9.175942	-83.551725	0.171094
-9.205341	-83.551265	0.171094
-9.234749	-83.551425	0.171094
-9.264182	-83.552574	0.171094
-9.293586	-83.552479	0.171094
-9.352403	-83.552943	0.171094
-9.381807	-83.552832	0.171094
-9.764160	-83.557186	0.171094
-9.793572	-83.557664	0.171094
-9.822998	-83.558310	0.171094
-10.028882	-83.560877	0.171094
-10.058283	-83.560559	0.171094
-10.175919	-83.561614	0.171094
-10.205350	-83.562581	0.171094
-10.234761	-83.563030	0.171094
-10.264162	-83.562668	0.171094
-16.365045	-83.552771	0.170794
-16.394479	-83.553024	0.170794
-16.423913	-83.553230	0.170794
-16.453301	-83.553443	0.170794
-16.482736	-83.553571	0.170794
-16.512172	-83.553537	0.170794
-16.541562	-83.553648	0.170794
-16.835772	-83.555123	0.170794
-16.865164	-83.555041	0.170794
-16.894598	-83.555168	0.170794
-16.923994	-83.554623	0.170794
-17.424125	-83.555525	0.170794
-17.482991	-83.556209	0.170794
-17.512378	-83.556536	0.170794
-17.541816	-83.556339	0.170794
-17.571248	-83.556769	0.170794
-17.600645	-83.556127	0.170794
-17.659462	-83.557202	0.170794
-17.718331	-83.557402	0.170794
-17.747726	-83.557030	0.170794
-18.585532	-83.557393	0.170994
-18.614957	-83.558012	0.170994
-18.644354	-83.557382	0.170994
-18.673762	-83.557587	0.170994
-18.850195	-83.556707	0.170994
-18.879580	-83.555326	0.170994
-19.173641	-83.554803	0.170994
-19.232445	-83.553544	0.170994
-19.291252	-83.553234	0.170994
-19.320662	-83.553590	0.170994
-19.350063	-83.553218	0.170994
-20.462332	-83.562388	0.171094
-20.550585	-83.562692	0.171094
-20.579982	-83.562145	0.171094
-20.609378	-83.561890	0.171094
-20.727028	-83.561098	0.171094
-20.756456	-83.561700	0.171094
-20.844678	-83.561983	0.171094
-20.874074	-83.561572	0.171094
-20.903502	-83.561598	0.171094
-20.962296	-83.560734	0.171094
-20.991724	-83.561225	0.171094
-21.021121	-83.561252	0.171094
-21.050549	-83.560843	0.171094
-21.109342	-83.560357	0.171094
-21.138770	-83.561148	0.171094
-21.256388	-83.560134	0.171094
-21.697559	-83.559119	0.171094
-21.756352	-83.558999	0.171094
-21.785780	-83.559725	0.171094
-25.343300	-83.547493	0.208194
-25.755044	-83.549618	0.208194
-25.784448	-83.549421	0.208194
-25.843259	-83.548769	0.208194
-25.872664	-83.548639	0.208194
-25.902082	-83.549340	0.208194
-26.049124	-83.549340	0.208194
-26.078544	-83.550181	0.208194
-26.107950	-83.550152	0.208194
-26.225589	-83.550357	0.208194
-26.313799	-83.549732	0.208194
-26.343208	-83.549908	0.208194
-26.372627	-83.550126	0.208194
-26.402043	-83.550708	0.208194
-26.431444	-83.550380	0.208194
-26.490259	-83.550474	0.208194
-28.526740	-83.563760	0.085894
-28.556152	-83.564159	0.085894
-28.585555	-83.563947	0.085894
-28.673780	-83.564352	0.085894
-28.732596	-83.563989	0.085894
-29.320792	-83.566804	0.085894
-29.379601	-83.566569	0.085894
-29.409018	-83.567277	0.085894
-29.556075	-83.568380	0.085894
-29.614895	-83.568887	0.085894
-29.703118	-83.568519	0.085894
-32.409311	-83.553009	0.086594
-32.438707	-83.553320	0.086594
-32.468136	-83.552800	0.086594
-32.526961	-83.552749	0.086594
-32.585786	-83.552702	0.086594
-32.615182	-83.552971	0.086594
-32.644611	-83.552923	0.086594
-32.879877	-83.555188	0.086594
-32.909306	-83.554751	0.086594
-32.938702	-83.555512	0.086594
-33.232826	-83.557171	0.086594
-33.262255	-83.557255	0.086594
-33.291651	-83.557221	0.086594
-33.350476	-83.556961	0.086594
-33.379872	-83.556705	0.086594
-33.409301	-83.557323	0.086594
-33.438697	-83.557397	0.086594
-33.497522	-83.557888	0.086594
-33.615172	-83.557856	0.086594
-33.644600	-83.557993	0.086594
-33.673997	-83.557953	0.086594
-33.703425	-83.559465	0.086594
-37.847309	-83.557782	0.086894
-37.876727	-83.557984	0.086894
-37.906135	-83.558073	0.086894
-37.935533	-83.557539	0.086894
-38.494286	-83.557392	0.086894
-38.523684	-83.556858	0.086894
-38.553093	-83.556987	0.086894
-38.582494	-83.556611	0.086894
-38.611891	-83.556034	0.086894
-38.641307	-83.556082	0.086894
-38.700132	-83.556796	0.086894
-38.817746	-83.555909	0.086894
-38.847160	-83.555883	0.086894
-38.876576	-83.556468	0.086894
-41.155521	-83.546261	0.086694
-41.184952	-83.545511	0.086694
-41.302603	-83.545515	0.086694
-41.361430	-83.544558	0.086694
-41.479082	-83.544213	0.086694
-41.508477	-83.543993	0.086694
-41.596734	-83.543390	0.086694
-41.626129	-83.543396	0.086694
-41.655559	-83.543350	0.086694
-43.564686	-83.562054	0.086594
-43.594088	-83.561938	0.086594
-43.623475	-83.560453	0.086594
-43.652879	-83.560463	0.086594
-43.682286	-83.560753	0.086594
-44.064485	-83.553711	0.086594
-44.093888	-83.553625	0.086594
-44.123284	-83.552921	0.086594
-44.152704	-83.553078	0.086594
-44.182107	-83.552972	0.086594
-44.327719	-83.552027	0.086594
-44.357124	-83.552060	0.086594
-44.415941	-83.552832	0.086594
-44.445345	-83.552772	0.086594
-44.533562	-83.552027	0.086594
-44.562969	-83.552255	0.086594
-44.768800	-83.551249	0.086594
-44.827617	-83.551944	0.086594
-44.857021	-83.551891	0.086594
0
0
