QVEPB 5.0

MM
133.678323302521	104.058623899981	3.041089887421
0.999773221464	0.021295671941	0.000000000000
-0.021295671941	0.999773221464	0.000000000000
0.000000000000	0.000000000000	1.000000000000
358
-95.038672	2.448067	0.086394
-95.023947	2.473047	0.086394
-94.994337	2.524400	0.086394
-94.685534	3.058800	0.086394
-94.670328	3.084129	0.086394
-94.640851	3.134072	0.086394
-94.596680	3.210502	0.086394
-94.581528	3.236715	0.086394
-94.567512	3.262120	0.086394
-94.552877	3.287154	0.086394
-93.453270	5.153868	0.086394
-93.437841	5.179917	0.086394
-93.423393	5.205049	0.086394
-93.408094	5.231174	0.086394
-93.364990	5.307373	0.086394
-93.351141	5.333518	0.086394
-93.336267	5.358402	0.086394
-93.307539	5.410253	0.086394
-93.293120	5.436065	0.086394
-93.161467	5.665614	0.086394
-93.147604	5.690262	0.086394
-93.118935	5.742148	0.086394
-93.103394	5.768131	0.086394
-93.089592	5.792814	0.086394
-93.074801	5.819235	0.086394
-93.061219	5.844872	0.086394
-93.045540	5.870775	0.086394
-93.031839	5.895518	0.086394
-93.002841	5.947211	0.086394
-92.988227	5.972910	0.086394
-92.973084	5.997637	0.086394
-92.958505	6.024182	0.086394
-92.168102	7.418190	0.086594
-92.124398	7.495527	0.086594
-92.080960	7.571530	0.086594
-92.008179	7.699689	0.086594
-91.730292	8.185159	0.086594
-91.716380	8.209779	0.086594
-91.687116	8.261314	0.086594
-90.674343	9.997380	0.086594
-90.659462	10.022262	0.086594
-90.644499	10.048584	0.086594
-90.292988	10.660434	0.086594
-90.249284	10.736287	0.086594
-90.234727	10.762848	0.086594
-90.176727	10.864583	0.086594
-90.162237	10.889694	0.086594
-89.187025	12.572419	0.086494
-89.157758	12.623131	0.086494
-89.143962	12.648636	0.086494
-89.056163	12.801593	0.086494
-88.968983	12.954907	0.086494
-88.910232	13.056206	0.086494
-88.851479	13.159811	0.086494
-88.793077	13.262130	0.086494
-88.749516	13.338060	0.086494
-88.735328	13.364009	0.086494
-88.692357	13.440280	0.086494
-86.768477	16.768122	0.086594
-86.753367	16.793570	0.086594
-86.738522	16.819165	0.086594
-86.708939	16.869708	0.086594
-86.592118	17.074129	0.086594
-86.431213	17.354878	0.086594
-86.402108	17.405686	0.086594
-86.386489	17.430852	0.086594
-86.371744	17.456503	0.086594
-86.197040	17.761938	0.086594
-86.181139	17.787730	0.086594
-86.137732	17.864433	0.086594
-86.108481	17.915866	0.086594
-86.093586	17.941433	0.086594
-84.794950	20.180326	0.086494
-84.648979	20.436402	0.086494
-84.619500	20.486994	0.086494
-84.604835	20.511184	0.086494
-84.589709	20.537408	0.086494
-84.459035	20.766549	0.086494
-84.428656	20.818115	0.086494
-84.400244	20.869317	0.086494
-84.385334	20.894177	0.086494
-84.371161	20.920136	0.086494
-84.356441	20.946593	0.086494
-84.342066	20.970949	0.086494
-84.327026	20.997222	0.086494
-84.297236	21.047637	0.086494
-84.282987	21.072065	0.086494
-82.036272	24.962642	0.086594
-81.977558	25.063965	0.086594
-81.933265	25.140960	0.086594
-81.918518	25.165914	0.086594
-81.889828	25.216959	0.086594
-81.874850	25.242454	0.086594
-81.799991	25.369414	0.086594
-81.756276	25.445254	0.086594
-81.740657	25.471195	0.086594
-81.727252	25.496107	0.086594
-81.711611	25.522035	0.086594
-81.667612	25.599199	0.086594
-81.549351	25.802179	0.086594
-81.534581	25.826306	0.086594
-81.505674	25.878715	0.086594
-81.490007	25.903140	0.086594
-81.445975	25.980285	0.086594
-81.416821	26.031063	0.086594
-80.733555	27.215973	0.086594
-80.718541	27.242265	0.086594
-80.688724	27.292652	0.086594
-80.674728	27.318054	0.086594
-80.659517	27.344230	0.086594
-80.645701	27.368906	0.086594
-80.542938	27.547535	0.086594
-80.364990	27.852916	0.086594
-80.335896	27.903727	0.086594
-80.321144	27.928685	0.086594
-80.306419	27.955147	0.086594
-80.293057	27.980089	0.086594
-80.277729	28.006197	0.086594
-80.263029	28.031185	0.086594
-79.011103	30.216020	0.086594
-78.952586	30.318273	0.086594
-78.922590	30.368564	0.086594
-78.876830	30.444709	0.086594
-78.847273	30.496073	0.086594
-78.832490	30.520188	0.086594
-78.818006	30.546785	0.086594
-78.803522	30.571893	0.086594
-78.788107	30.597131	0.086594
-78.773649	30.622255	0.086594
-78.743890	30.672682	0.086594
-78.727667	30.698271	0.086594
-78.669382	30.799840	0.086594
-78.624627	30.875079	0.086594
-78.609295	30.901185	0.086594
-78.564370	30.976325	0.086594
-78.549504	31.002701	0.086594
-78.535381	31.027199	0.086594
-76.838903	33.973215	0.086594
-76.809387	34.023775	0.086594
-76.795399	34.049192	0.086594
-76.780511	34.075562	0.086594
-76.722522	34.177504	0.086594
-76.707591	34.203003	0.086594
-76.663944	34.279740	0.086594
-76.650687	34.305594	0.086594
-76.635308	34.331670	0.086594
-76.621186	34.357007	0.086594
-76.591774	34.407629	0.086594
-76.563210	34.459602	0.086594
-76.519842	34.536506	0.086594
-76.490052	34.586902	0.086594
-76.475812	34.612169	0.086594
-76.432229	34.688944	0.086594
-76.403709	34.740943	0.086594
-76.374061	34.791424	0.086594
-74.830540	37.441151	0.086694
-74.801556	37.492027	0.086694
-74.786723	37.517606	0.086694
-74.771885	37.542508	0.086694
-74.757851	37.569361	0.086694
-74.698881	37.670536	0.086694
-74.685488	37.695456	0.086694
-74.669543	37.721209	0.086694
-74.654648	37.747565	0.086694
-74.625324	37.798246	0.086694
-74.596579	37.849259	0.086694
-74.583293	37.874241	0.086694
-74.523984	37.977523	0.086694
-74.450643	38.103869	0.086694
-74.407600	38.180769	0.086694
-74.378285	38.232269	0.086694
-74.362859	38.257507	0.086694
-73.025523	40.575794	0.086594
-73.011274	40.600214	0.086594
-72.996454	40.626621	0.086594
-72.937001	40.728334	0.086594
-72.893342	40.805050	0.086594
-72.849209	40.880652	0.086594
-72.687337	41.160368	0.086594
-72.657562	41.211613	0.086594
-72.583146	41.339649	0.086594
-72.539467	41.415518	0.086594
-72.510792	41.466577	0.086594
-72.480299	41.517399	0.086594
-72.466265	41.542781	0.086594
-71.023047	44.034596	0.086694
-71.007730	44.060711	0.086694
-70.992828	44.087063	0.086694
-70.964629	44.138387	0.086694
-70.935445	44.189149	0.086694
-70.906542	44.240071	0.086694
-70.730765	44.545744	0.086694
-70.716629	44.572533	0.086694
-70.687142	44.623121	0.086694
-70.672907	44.649046	0.086694
-70.600075	44.775683	0.086694
-70.585529	44.801430	0.086694
-70.571181	44.828098	0.086694
-70.542184	44.878967	0.086694
-70.527402	44.903091	0.086694
-70.512268	44.929310	0.086694
-70.483392	44.980247	0.086694
-68.826318	47.861951	0.086594
-68.797612	47.912988	0.086594
-68.781781	47.937315	0.086594
-68.767466	47.964012	0.086594
-68.722003	48.038839	0.086594
-68.707560	48.064639	0.086594
-68.677610	48.115776	0.086594
-68.603178	48.241488	0.086594
-68.543520	48.342261	0.086594
-68.527974	48.368242	0.086594
-68.498802	48.419009	0.086594
-68.468218	48.469778	0.086594
-68.453722	48.494059	0.086594
-68.379454	48.622177	0.086594
-68.364331	48.646094	0.086594
-68.319572	48.722818	0.086594
-66.963294	51.077561	0.086794
-66.948555	51.102528	0.086794
-66.919620	51.153434	0.086794
-66.905228	51.178606	0.086794
-66.890359	51.204985	0.086794
-66.830234	51.306300	0.086794
-66.816227	51.331700	0.086794
-66.771969	51.407228	0.086794
-66.726479	51.484353	0.086794
-66.712928	51.509184	0.086794
-66.578990	51.738242	0.086794
-66.549825	51.789012	0.086794
-66.535300	51.814105	0.086794
-66.520252	51.840378	0.086794
-66.505695	51.864615	0.086794
-66.461204	51.942331	0.086794
-65.069078	54.341732	0.086694
-65.040863	54.393056	0.086694
-65.026082	54.417994	0.086694
-64.997659	54.469197	0.086694
-64.910369	54.622454	0.086694
-64.894546	54.648273	0.086694
-64.880744	54.672957	0.086694
-64.837761	54.750715	0.086694
-64.822902	54.775607	0.086694
-64.763417	54.878789	0.086694
-64.749823	54.903594	0.086694
-64.706161	54.980956	0.086694
-64.691551	55.005994	0.086694
-64.662621	55.056902	0.086694
-64.647932	55.083381	0.086694
-64.619200	55.134404	0.086694
-64.604812	55.159571	0.086694
-64.589522	55.185701	0.086694
-64.575698	55.210372	0.086694
-64.560520	55.236567	0.086694
-64.531870	55.287638	0.086694
-64.501605	55.338593	0.086694
-64.443925	55.440513	0.086694
-63.273343	57.461866	0.086594
-63.243919	57.511830	0.086594
-63.199948	57.589016	0.086594
-63.185242	57.614001	0.086594
-63.157190	57.665428	0.086594
-63.141505	57.691324	0.086594
-63.127680	57.716830	0.086594
-63.111697	57.742551	0.086594
-63.098378	57.767520	0.086594
-63.040017	57.869877	0.086594
-63.025697	57.895091	0.086594
-62.849880	58.201730	0.086594
-62.819869	58.252836	0.086594
-62.806172	58.278417	0.086594
-62.776430	58.328847	0.086594
-62.762270	58.354155	0.086594
-62.747094	58.380352	0.086594
-62.732942	58.404828	0.086594
-60.255894	62.695204	0.086694
-60.241760	62.720526	0.086694
-60.225872	62.746304	0.086694
-60.167270	62.847029	0.086694
-60.122386	62.923676	0.086694
-60.079165	62.999814	0.086694
-60.034478	63.077411	0.086694
-60.019643	63.101486	0.086694
-59.989787	63.152683	0.086694
-59.961027	63.203691	0.086694
-59.946639	63.228863	0.086694
-59.931544	63.255108	0.086694
-59.916670	63.279994	0.086694
-59.901604	63.305422	0.086694
-59.754109	63.559302	0.086694
-59.739412	63.585780	0.086694
-59.724617	63.610713	0.086694
-59.709826	63.636303	0.086694
-59.695248	63.661363	0.086694
-59.665844	63.712826	0.086694
-56.440883	69.305159	0.086794
-56.425744	69.331376	0.086794
-56.411865	69.356016	0.086794
-56.396812	69.382281	0.086794
-56.381933	69.407158	0.086794
-56.338093	69.483604	0.086794
-56.322265	69.509425	0.086794
-56.235355	69.662077	0.086794
-56.146195	69.814930	0.086794
-56.028134	70.018705	0.086794
-56.014703	70.043602	0.086794
-55.969715	70.120199	0.086794
-55.955459	70.144624	0.086794
-53.609865	74.206912	0.086694
-53.564965	74.283560	0.086694
-53.551638	74.308516	0.086694
-53.536017	74.334456	0.086694
-53.431980	74.511381	0.086694
-53.402591	74.562026	0.086694
-53.327880	74.689077	0.086694
-53.299263	74.740162	0.086694
-53.195231	74.917897	0.086694
-53.150773	74.993990	0.086694
-53.135324	75.020029	0.086694
-53.121378	75.044631	0.086694
-53.091836	75.095188	0.086694
-52.987675	75.272849	0.086694
-51.796950	77.310551	0.086594
-51.782006	77.336069	0.086594
-51.753043	77.386957	0.086594
-51.737794	77.413110	0.086594
-51.723619	77.437580	0.086594
-51.709176	77.464196	0.086594
-51.695157	77.488756	0.086594
-51.460966	77.896732	0.086594
-51.446180	77.923151	0.086594
-51.432042	77.947643	0.086594
-51.401936	78.000174	0.086594
-51.373432	78.051325	0.086594
-51.358898	78.075590	0.086594
-51.343860	78.101864	0.086594
-51.329907	78.126462	0.086594
-51.314958	78.152787	0.086594
-51.300206	78.178415	0.086594
-51.270381	78.229619	0.086594
-51.256046	78.253998	0.086594
-50.471642	79.638133	0.086594
-50.456809	79.664523	0.086594
-50.441990	79.690117	0.086594
-50.427387	79.715150	0.086594
-50.339783	79.868894	0.086594
-50.324857	79.892938	0.086594
-50.266034	79.995691	0.086594
-50.178598	80.148042	0.086594
-50.162842	80.173907	0.086594
-50.133994	80.224860	0.086594
-50.089699	80.301049	0.086594
-50.075061	80.327550	0.086594
-50.045954	80.378356	0.086594
-50.031139	80.402463	0.086594
-50.016359	80.428884	0.086594
-50.001250	80.454312	0.086594
-49.957139	80.529922	0.086594
0
0
