QVEPB 5.0

MM
133.386902078451	104.147714413707	3.133089887421
0.999880326626	0.015470372514	0.000000000000
-0.015470372514	0.999880326626	0.000000000000
0.000000000000	0.000000000000	1.000000000000
22
-92.827341	5.136126	-0.032900
-92.828790	5.184081	-0.032900
-92.835279	5.218226	-0.032900
-92.814070	5.307070	-0.032900
-92.793796	5.317009	-0.032900
-92.790488	5.319514	-0.032900
-92.788202	5.319964	-0.032900
-92.785010	5.323386	-0.032900
-92.781245	5.323995	-0.032900
-92.774919	5.327460	-0.032900
-92.771967	5.329506	-0.032900
-92.768422	5.330336	-0.032900
-92.761234	5.330384	-0.032900
-92.758257	5.331957	-0.032900
-92.750787	5.335287	-0.032900
-92.747574	5.335426	-0.032900
-92.742870	5.336366	-0.032900
-92.739627	5.338233	-0.032900
-92.736313	5.338687	-0.032900
-92.731449	5.339103	-0.032900
-92.727968	5.339836	-0.032900
-92.696329	5.361819	-0.032900
0
0
