QVEPB 5.0

MM
133.386902078451	104.147714413707	3.133089887421
0.999880326626	0.015470372514	0.000000000000
-0.015470372514	0.999880326626	0.000000000000
0.000000000000	0.000000000000	1.000000000000
12
0.048143	-0.044877	0.041300
0.047161	-0.046558	0.041300
-0.099357	0.030211	0.041300
-0.099068	0.033024	0.041300
-0.096535	0.036279	0.041300
-0.037324	0.096249	0.041300
-0.034437	0.096482	0.041300
-0.030428	0.097362	0.041300
0.038717	0.095296	0.041300
0.041579	0.093009	0.041300
0.044615	0.090432	0.041300
0.048066	0.088741	0.041300
0
0
