QVEPB 5.0

MM
133.386902078451	104.147714413707	3.133089887421
0.999880326626	0.015470372514	0.000000000000
-0.015470372514	0.999880326626	0.000000000000
0.000000000000	0.000000000000	1.000000000000
15
-49.510125	-80.159658	0.073794
-51.931749	-76.208381	0.002394
-52.187281	-75.744811	0.002394
-52.550723	-75.071667	0.002394
-52.818225	-74.210701	-0.077606
-53.276943	-73.456439	-0.077606
-53.337594	-73.355169	-0.077606
-66.126061	-51.487406	-0.086606
-66.308570	-51.150634	-0.086606
-66.402293	-50.967592	-0.086606
-78.129358	-30.616447	0.061794
-78.299326	-30.172913	0.061794
-78.322670	-30.117181	0.061794
-93.621437	-3.667314	0.166394
-93.745490	-3.568690	0.166394
0
0
