QVEPB 5.0

MM
133.430478110699	104.036168685694	3.039289887421
0.999780990681	0.020927748887	0.000000000000
-0.020927748887	0.999780990681	0.000000000000
0.000000000000	0.000000000000	1.000000000000
18
-51.032622	77.552942	0.042800
-51.033870	77.555876	0.042800
-51.034741	77.559546	0.042800
-51.035762	77.561592	0.042800
-51.036352	77.565261	0.042800
-51.036895	77.568325	0.042800
-51.037416	77.571036	0.042800
-51.038431	77.573315	0.042800
-51.038527	77.575747	0.042800
-51.037930	77.579638	0.042800
-51.038439	77.582604	0.042800
-51.038947	77.584414	0.042800
-51.040386	77.586705	0.042800
-51.040325	77.589282	0.042800
-51.040423	77.591614	0.042800
-51.040741	77.594166	0.042800
-51.042171	77.596027	0.042800
-51.042438	77.600615	0.042800
0
0
