QVEPB 5.0

MM
133.430478110699	104.036168685694	3.039289887421
0.999780990681	0.020927748887	0.000000000000
-0.020927748887	0.999780990681	0.000000000000
0.000000000000	0.000000000000	1.000000000000
260
-45.555440	83.414925	0.077194
-45.437790	83.415064	0.077194
-45.261348	83.416620	0.077194
-45.231920	83.417659	0.077194
-45.143699	83.418523	0.077194
-45.114302	83.418727	0.077194
-44.937828	83.420086	0.077194
-44.908432	83.420454	0.077194
-44.790783	83.421607	0.077194
-44.761387	83.422461	0.077194
-44.506424	83.423308	0.077194
-44.476996	83.423677	0.077194
-44.447599	83.423357	0.077194
-44.418171	83.423167	0.077194
-44.329950	83.423400	0.077194
-44.094681	83.425743	0.077194
-43.888778	83.427359	0.077194
-43.859381	83.426608	0.077194
-43.653510	83.427832	0.077194
-43.624082	83.428514	0.077194
-43.594685	83.428142	0.077194
-40.709232	83.435197	0.077194
-40.650364	83.436294	0.077194
-40.444370	83.436141	0.077194
-40.414909	83.435274	0.077194
-40.356011	83.434834	0.077194
-40.326588	83.435946	0.077194
-40.120571	83.434609	0.077194
-40.091140	83.435320	0.077194
-40.002863	83.435138	0.077194
-39.885150	83.435359	0.077194
-39.855697	83.434921	0.077194
-38.947062	83.442714	0.077294
-38.858789	83.442764	0.077294
-38.593808	83.440823	0.077294
-38.476044	83.438564	0.077294
-38.181674	83.436394	0.077294
-38.093337	83.436246	0.077294
-38.063892	83.436272	0.077294
-37.475155	83.432063	0.077294
-36.433556	83.448865	0.077294
-36.374732	83.448868	0.077294
-36.286510	83.449647	0.077294
-36.168860	83.449731	0.077294
-36.110035	83.449986	0.077294
-36.080608	83.450192	0.077294
-35.786515	83.450268	0.077294
-35.698292	83.451690	0.077294
-35.668865	83.451135	0.077294
-35.610040	83.451309	0.077294
-35.580643	83.450981	0.077294
-35.551215	83.452066	0.077294
-35.433597	83.451231	0.077294
-33.064117	83.451070	0.077394
-33.034679	83.451341	0.077394
-33.005246	83.451871	0.077394
-32.946418	83.451873	0.077394
-32.681535	83.450866	0.077394
-32.534387	83.451236	0.077394
-32.505001	83.451250	0.077394
-32.446112	83.450937	0.077394
-32.357824	83.449838	0.077394
-32.328382	83.449803	0.077394
-32.151846	83.450118	0.077394
-32.063521	83.450125	0.077394
-32.004684	83.449625	0.077394
-31.975246	83.449872	0.077394
-31.916428	83.450462	0.077394
-31.886979	83.450051	0.077394
-31.857534	83.449875	0.077394
-31.798694	83.449133	0.077394
-31.769251	83.449059	0.077394
-31.739814	83.449357	0.077394
-30.212467	83.450812	0.077294
-30.183070	83.450431	0.077294
-30.006596	83.450993	0.077294
-29.947771	83.451927	0.077294
-29.888946	83.451694	0.077294
-29.594822	83.452847	0.077294
-29.359556	83.455221	0.077294
-29.330127	83.454838	0.077294
-29.300731	83.454764	0.077294
-29.271303	83.455301	0.077294
-29.212478	83.455286	0.077294
-29.183082	83.455790	0.077294
-29.124257	83.456179	0.077294
-27.375476	83.453981	0.077294
-27.316656	83.453857	0.077294
-27.287245	83.454378	0.077294
-27.169631	83.454139	0.077294
-27.140231	83.453756	0.077294
-27.110819	83.453262	0.077294
-26.846166	83.453303	0.077294
-26.816750	83.454322	0.077294
-26.699130	83.453424	0.077294
-26.669720	83.453890	0.077294
-26.640324	83.453196	0.077294
-26.610908	83.454179	0.077294
-26.522680	83.454304	0.077294
-26.405060	83.454526	0.077294
-24.333624	83.456762	0.077394
-24.304225	83.457429	0.077394
-24.274800	83.456437	0.077394
-23.892486	83.454925	0.077394
-23.745442	83.453560	0.077394
-23.686618	83.452556	0.077394
-19.406037	83.455269	0.077294
-13.937111	83.461434	0.077394
-13.907715	83.461126	0.077394
-13.790065	83.460743	0.077394
-13.584194	83.460908	0.077394
-13.525369	83.460581	0.077394
-13.495972	83.459731	0.077394
-13.466544	83.459965	0.077394
-13.407720	83.460507	0.077394
-13.378323	83.459369	0.077394
-13.319498	83.459257	0.077394
-13.290101	83.459843	0.077394
-13.054802	83.459118	0.077394
-13.025405	83.459083	0.077394
-12.937153	83.458662	0.077394
-12.907756	83.458241	0.077394
-12.790106	83.458823	0.077394
-12.760678	83.458250	0.077394
-12.701885	83.458470	0.077394
-11.681224	83.456750	0.077294
-11.651830	83.457195	0.077294
-11.622401	83.457628	0.077294
-11.563575	83.457244	0.077294
-10.945941	83.463227	0.077294
-10.916545	83.462771	0.077294
-10.887116	83.463259	0.077294
-10.857721	83.463348	0.077294
-10.828291	83.463618	0.077294
-10.769467	83.464079	0.077294
-10.710643	83.464558	0.077294
-10.681247	83.464231	0.077294
-10.593029	83.465466	0.077294
-0.041045	83.484396	0.077094
-0.011604	83.484738	0.077094
0.047317	83.483785	0.077094
0.135642	83.481909	0.077094
0.489074	83.477302	0.077094
0.871968	83.472178	0.077094
1.048634	83.470515	0.077094
1.137022	83.468835	0.077094
2.964105	83.468409	0.077394
3.169977	83.468012	0.077394
3.199405	83.469047	0.077394
3.258198	83.469247	0.077394
3.317023	83.468701	0.077394
3.375848	83.468892	0.077394
3.464069	83.469348	0.077394
3.522894	83.468176	0.077394
3.611115	83.469191	0.077394
3.640544	83.468147	0.077394
3.728765	83.468458	0.077394
3.787590	83.469496	0.077394
3.875811	83.468939	0.077394
3.993461	83.468572	0.077394
4.111079	83.469010	0.077394
4.316950	83.469206	0.077394
5.470342	83.470910	0.077194
5.617389	83.471379	0.077194
5.764435	83.471015	0.077194
5.793831	83.471860	0.077194
5.823260	83.471286	0.077194
5.852656	83.471875	0.077194
5.882084	83.472281	0.077194
5.911481	83.472012	0.077194
5.940878	83.471535	0.077194
6.058527	83.471958	0.077194
6.411445	83.471634	0.077194
6.558491	83.472016	0.077194
9.523630	83.470586	0.077394
9.553090	83.469394	0.077394
9.582517	83.470297	0.077394
9.611918	83.469407	0.077394
9.670784	83.470436	0.077394
9.906209	83.470274	0.077394
10.082744	83.470523	0.077394
10.112207	83.469139	0.077394
10.200467	83.469740	0.077394
10.465277	83.469648	0.077394
10.494718	83.469686	0.077394
10.524161	83.469563	0.077394
10.700709	83.469049	0.077394
10.730153	83.468870	0.077394
10.759577	83.469940	0.077394
10.936133	83.468878	0.077394
10.965562	83.469665	0.077394
12.980857	83.465032	0.077294
13.216126	83.468272	0.077294
13.274920	83.468051	0.077294
13.333745	83.468072	0.077294
13.363173	83.468587	0.077294
13.392570	83.469959	0.077294
14.157203	83.477430	0.077294
14.363074	83.478852	0.077294
18.336297	83.460248	0.609794
18.395124	83.459500	0.609794
18.777471	83.458851	0.609794
19.042135	83.458182	0.609794
19.248008	83.457066	0.609794
19.306834	83.456390	0.609794
19.336229	83.457022	0.609794
19.453879	83.456701	0.609794
19.512706	83.455991	0.609794
24.142017	83.453465	0.609294
24.377320	83.453123	0.609294
24.553793	83.454326	0.609294
24.583224	83.453783	0.609294
24.642050	83.453792	0.609294
24.700876	83.453510	0.609294
24.906747	83.453617	0.609294
25.200872	83.454306	0.609294
25.347916	83.454969	0.609294
25.377346	83.454907	0.609294
25.406741	83.455199	0.609294
25.436174	83.454062	0.609294
28.760315	83.458986	0.609194
29.701381	83.454766	0.609194
29.848425	83.453619	0.609194
34.733760	83.445138	0.609194
34.763154	83.444959	0.609194
34.910226	83.447100	0.609194
35.204373	83.450817	0.609194
35.263199	83.450816	0.609194
35.469134	83.453623	0.609194
35.645591	83.456796	0.609194
35.733849	83.457236	0.609194
35.763276	83.458169	0.609194
38.658318	83.454451	0.205194
38.775937	83.453757	0.205194
38.805362	83.453301	0.205194
38.834760	83.453273	0.205194
38.922979	83.451704	0.205194
38.981804	83.451887	0.205194
39.011201	83.451080	0.205194
39.099422	83.450336	0.205194
39.217068	83.448894	0.205194
39.246466	83.448886	0.205194
39.275889	83.447349	0.205194
39.393508	83.446407	0.205194
39.775815	83.441789	0.205194
39.805212	83.441407	0.205194
43.026723	83.432988	0.205794
43.114958	83.433536	0.205794
43.291412	83.434258	0.205794
43.320822	83.434566	0.205794
43.438459	83.435666	0.205794
43.644350	83.438705	0.205794
43.673763	83.438418	0.205794
43.938459	83.441001	0.205794
43.997283	83.441930	0.205794
44.056085	83.441306	0.205794
44.085505	83.441592	0.205794
44.594313	83.333409	0.205894
45.243977	83.423078	0.205894
45.273326	83.420748	0.205894
0
0
